1000 9876
772 581
939 60
479 783
6 405
544 556
228 13
526 620
48 667
949 107
570 880
256 456
72 597
60 69
730 122
214 91
968 555
53 215
535 855
593 450
260 407
227 220
707 326
810 69
494 426
910 408
308 298
773 992
959 49
285 518
573 207
716 238
610 873
113 263
403 583
832 467
405 301
601 26
140 434
892 559
786 508
18 632
504 969
657 409
264 793
69 357
141 88
71 283
549 91
202 70
98 407
936 79
171 810
101 677
391 289
163 478
364 453
572 98
284 417
102 209
123 139
14 939
805 996
771 812
334 388
172 295
706 875
932 505
385 106
850 158
842 458
609 461
572 823
881 973
469 436
437 167
592 80
917 109
370 330
461 97
963 227
766 244
937 988
609 209
774 185
902 386
405 938
450 734
63 130
232 134
985 968
789 788
497 806
295 111
924 637
25 384
384 746
960 777
483 356
284 371
336 388
369 125
646 161
479 240
582 236
522 875
574 967
612 30
960 983
388 64
688 582
651 586
856 744
947 723
530 281
169 183
703 310
299 564
988 179
958 671
455 623
278 482
80 421
99 131
763 248
45 7
559 196
264 315
504 928
985 215
256 911
540 151
872 908
942 295
890 92
446 918
140 293
567 718
40 81
114 862
472 418
46 203
47 374
451 665
13 386
741 608
36 997
58 541
172 413
227 914
291 177
75 550
227 995
258 333
279 545
763 770
710 783
713 57
737 163
171 581
493 841
265 694
388 760
781 639
809 878
79 453
794 764
893 2
125 248
362 730
401 730
20 4
573 848
814 618
466 556
233 847
716 652
54 303
555 278
332 133
519 243
232 113
233 728
363 793
646 242
311 522
6 349
214 16
18 263
221 780
631 321
83 855
686 898
195 677
89 170
892 258
450 877
531 44
203 111
900 159
539 457
441 598
958 493
564 44
485 805
251 551
403 526
420 869
652 703
984 215
108 55
715 25
643 452
108 126
518 516
351 861
246 173
908 992
446 547
451 855
785 107
995 838
173 510
579 647
619 850
503 679
89 663
131 721
301 346
636 527
835 958
16 470
398 672
685 500
723 193
870 944
382 238
220 221
112 510
876 519
408 463
615 964
376 552
50 828
771 868
748 46
908 443
819 624
417 496
14 786
758 615
33 704
984 928
954 184
257 408
737 731
828 593
150 589
119 668
135 411
157 383
341 642
729 908
110 321
115 493
669 452
138 28
447 490
414 225
237 962
733 989
846 228
436 968
630 810
454 732
105 319
116 535
497 127
959 109
156 334
397 937
489 979
167 334
208 901
942 816
551 36
437 708
918 940
299 436
691 737
655 122
108 373
511 840
916 534
846 723
853 189
944 618
361 800
325 901
455 262
772 196
22 943
705 239
999 965
156 673
412 731
396 240
288 489
507 735
969 682
221 325
424 249
724 428
743 448
525 141
88 134
839 813
953 902
736 626
886 456
671 756
448 798
346 930
343 583
110 950
952 670
516 487
277 309
737 933
630 301
197 61
715 577
102 133
448 572
490 171
50 859
370 581
921 115
724 864
798 427
871 211
528 187
453 438
680 262
495 207
390 425
600 605
103 442
984 956
551 678
737 324
665 487
793 218
996 503
499 185
486 401
489 371
237 533
328 783
882 458
257 277
702 673
189 850
392 556
547 852
750 685
633 194
21 357
423 17
461 350
104 997
898 956
142 715
953 254
4 744
595 561
859 228
626 169
937 530
699 388
851 776
220 813
142 997
768 340
223 154
879 257
284 14
269 478
307 855
694 577
203 166
653 568
412 490
166 185
614 983
647 970
374 60
86 352
622 790
715 80
365 471
496 394
984 606
302 312
30 875
514 608
822 322
730 130
726 675
729 253
232 926
583 383
753 592
790 319
631 659
135 910
303 692
306 376
183 898
836 952
728 801
927 259
992 533
370 534
810 843
800 6
410 349
140 838
234 121
785 639
913 578
953 749
137 984
390 506
818 449
346 462
392 746
135 82
353 401
682 759
243 235
315 694
577 799
135 483
376 968
159 489
362 743
37 909
332 787
103 700
87 27
773 510
242 992
86 849
698 351
111 262
773 271
82 520
270 267
843 711
829 552
851 804
68 602
455 138
117 615
549 522
472 242
369 45
91 536
900 164
242 420
759 73
529 698
642 936
18 85
596 602
703 390
981 32
527 244
108 460
606 343
916 957
776 200
62 485
749 341
100 726
917 889
459 651
444 61
597 993
590 6
467 117
451 664
714 30
953 958
164 51
147 818
132 189
279 322
13 429
14 533
805 822
718 617
991 607
23 857
227 980
390 708
33 985
657 263
441 48
629 195
900 941
940 882
244 103
262 386
124 525
419 165
607 668
811 743
849 424
102 988
73 298
550 820
439 943
614 664
876 706
510 448
587 858
953 340
293 987
664 225
992 318
355 622
951 692
431 589
767 649
407 827
113 672
884 491
479 817
542 17
431 562
103 817
299 484
817 615
545 750
74 940
899 661
424 563
43 987
482 345
850 266
531 958
59 283
293 287
777 66
985 487
420 918
576 708
938 983
638 499
798 635
412 466
568 40
636 393
169 35
209 802
50 358
341 357
161 967
679 445
166 336
939 592
908 993
92 604
757 862
478 337
804 289
556 47
886 493
248 305
729 422
92 354
532 903
75 628
408 417
540 410
559 430
638 429
658 557
610 111
625 550
510 21
112 511
395 887
24 625
23 893
89 801
597 569
908 436
896 468
970 717
538 905
425 585
957 961
780 894
818 393
430 579
953 406
275 638
183 281
721 722
479 742
777 593
57 773
100 128
693 461
327 579
552 515
848 8
609 726
204 270
828 944
163 460
715 536
824 387
641 211
471 352
679 43
206 759
137 428
14 240
328 577
590 281
494 178
542 412
946 829
927 706
90 455
751 782
170 63
235 607
967 806
489 867
222 363
792 494
976 379
568 280
635 158
139 917
781 606
415 625
143 646
860 948
121 494
522 541
563 331
412 677
970 678
41 85
739 394
409 473
874 751
446 988
231 350
71 305
735 990
403 645
277 594
813 512
136 654
819 403
417 855
153 845
5 980
870 962
616 765
691 205
920 62
589 938
218 953
404 237
442 373
176 681
838 255
36 141
934 674
738 291
900 982
318 787
961 704
784 71
931 952
201 347
651 297
444 553
67 702
304 92
508 468
755 845
242 648
50 613
396 633
59 819
461 123
894 189
802 153
763 959
287 707
551 566
203 652
976 908
337 70
101 37
862 988
394 135
90 790
953 140
826 130
665 256
812 433
579 454
925 206
708 226
270 445
381 390
312 243
55 581
204 385
960 815
388 840
86 933
552 797
848 965
775 477
80 607
651 544
246 250
375 462
621 498
549 533
255 564
369 177
117 563
479 444
680 131
670 495
360 972
606 489
473 243
421 115
667 359
528 943
891 901
286 947
70 794
153 670
3 822
668 75
961 247
9 706
736 817
623 683
185 399
368 213
773 640
889 277
729 252
631 765
887 663
213 580
822 978
969 318
19 759
24 907
62 699
308 799
19 868
461 731
181 159
305 55
609 225
662 744
224 65
97 437
44 340
706 873
340 543
487 664
325 333
9 585
628 426
738 438
386 451
758 573
997 731
174 418
604 467
290 167
620 453
367 439
560 777
814 882
452 215
327 997
256 106
954 113
595 769
538 573
340 876
803 332
94 899
826 170
812 6
371 846
724 714
929 294
769 477
682 534
670 15
401 604
584 460
103 780
270 409
518 67
575 182
462 597
123 223
216 555
986 83
659 363
18 289
502 611
579 192
906 304
377 240
267 758
351 52
388 66
869 695
82 811
275 490
86 163
144 742
906 527
121 45
994 328
316 956
549 666
75 15
791 717
425 108
887 420
728 339
891 929
710 423
692 182
843 2
637 988
829 491
304 762
691 502
600 925
94 27
5 522
905 564
65 311
691 103
268 336
624 2
60 14
343 921
420 390
685 398
335 53
528 343
837 211
475 446
951 745
997 541
282 466
12 207
486 18
182 315
918 239
462 219
173 92
909 936
414 350
490 224
127 661
935 936
116 90
372 204
727 458
124 637
401 958
167 659
6 791
858 518
324 510
628 172
560 132
944 35
570 101
916 73
185 193
560 19
659 960
745 25
160 897
252 255
289 99
388 881
96 891
488 413
108 990
552 838
312 171
510 818
140 951
155 567
726 322
964 467
200 608
591 668
812 671
446 485
854 486
507 137
473 9
241 37
173 824
119 28
666 524
963 682
216 293
913 385
18 39
478 426
259 275
209 656
619 665
48 786
503 274
86 318
38 445
942 725
960 723
374 101
820 327
554 151
207 399
923 118
9 538
35 534
3 52
106 108
949 552
594 650
477 6
667 250
353 43
835 928
422 511
178 485
452 708
782 168
455 979
684 927
723 195
904 615
727 795
908 87
233 435
583 471
221 178
337 413
767 155
269 540
534 104
2 953
407 626
209 763
278 645
471 172
408 30
742 41
457 87
920 249
258 992
315 753
924 641
119 527
48 404
910 980
930 46
91 22
661 174
773 420
650 433
355 653
202 938
655 896
893 149
757 534
720 309
403 3
828 800
354 623
669 228
384 179
90 85
398 266
901 401
522 966
685 634
962 724
638 554
622 175
186 944
436 232
700 781
113 941
609 800
501 526
981 788
584 738
123 280
757 765
591 993
43 855
463 582
49 790
602 458
695 839
522 426
369 939
557 866
282 948
449 141
363 323
130 736
748 148
407 12
9 677
467 353
969 551
904 854
401 775
654 166
253 737
460 745
443 71
818 919
411 279
675 610
359 501
571 565
255 36
516 338
644 815
974 562
484 135
144 121
394 235
400 915
553 211
737 926
184 778
419 529
637 957
818 249
603 885
435 699
440 783
438 238
554 719
519 595
318 784
36 850
400 689
651 296
230 223
250 745
508 469
290 128
823 110
555 660
883 259
656 273
471 176
864 212
422 540
957 853
542 829
580 240
472 219
552 593
132 641
423 386
261 291
483 623
911 409
822 204
823 701
223 593
947 192
206 673
462 719
156 398
543 290
507 482
59 493
471 263
241 306
833 598
356 197
450 30
547 692
74 914
367 967
704 969
817 686
359 887
192 632
503 180
621 497
622 58
934 470
829 740
868 350
9 129
873 736
765 562
143 372
346 608
596 576
321 934
175 71
160 484
381 954
866 651
801 621
288 408
236 70
539 209
745 932
429 969
503 760
222 128
649 514
672 365
69 243
842 53
202 468
495 414
680 57
583 270
454 326
389 182
728 803
893 567
219 936
491 975
150 190
23 932
671 776
305 135
804 175
326 543
760 227
478 874
638 557
798 389
923 463
476 97
125 399
770 378
148 248
615 236
159 346
402 573
149 208
833 871
867 999
285 272
362 741
681 879
613 364
975 597
462 696
160 614
508 78
111 147
385 555
480 983
375 798
820 953
803 685
256 312
699 524
646 21
960 780
187 72
264 787
906 174
526 591
694 769
85 278
530 389
179 975
330 623
521 222
388 67
652 944
179 382
270 43
147 796
611 323
574 85
283 172
360 553
930 518
181 517
679 266
517 443
991 116
151 877
852 974
815 314
620 290
378 85
910 234
397 493
532 536
674 973
84 167
70 918
398 937
865 446
378 823
821 759
18 644
934 958
580 854
746 634
49 282
691 151
514 356
114 702
97 246
248 134
396 408
182 393
935 837
184 962
519 522
957 729
55 42
455 780
701 724
478 695
634 681
136 820
799 187
712 787
894 255
682 502
569 991
626 728
127 613
607 815
186 9
812 197
633 480
194 620
512 649
894 473
346 339
73 697
699 221
917 142
152 8
262 61
854 571
33 283
234 396
767 570
436 832
399 380
383 813
846 143
674 4
197 681
660 548
583 954
495 340
820 925
177 949
821 452
574 644
460 92
243 404
997 259
324 947
682 492
83 713
998 695
357 142
570 934
459 109
34 9
406 596
498 973
355 44
873 559
166 116
725 491
948 142
161 596
259 419
459 807
78 915
626 635
302 263
965 589
913 162
625 152
183 512
348 547
791 833
758 412
466 841
126 602
52 665
633 870
469 624
843 271
641 78
596 205
300 514
818 67
474 829
329 22
672 489
193 743
932 94
791 261
427 542
275 930
831 697
408 321
85 967
728 650
508 434
793 82
858 323
190 350
870 96
85 936
597 902
380 756
716 894
272 559
556 279
719 837
333 138
595 843
101 190
48 6
251 513
768 783
661 60
510 482
607 912
719 746
742 185
627 75
773 419
629 537
670 53
489 694
404 297
47 691
673 224
51 564
157 199
553 829
798 808
837 846
436 233
42 96
833 363
241 278
345 49
824 446
583 848
216 258
272 933
695 838
5 988
403 702
84 505
506 87
821 924
294 820
423 656
658 75
992 641
661 948
867 195
652 557
819 100
886 92
449 271
528 754
287 363
474 878
164 230
496 734
867 417
691 207
735 766
634 271
999 53
755 561
700 246
222 598
595 408
172 319
390 642
887 832
615 914
231 796
34 440
680 378
704 352
176 905
50 942
32 363
400 705
827 106
793 46
480 383
297 863
522 423
408 123
979 644
654 940
290 99
537 162
996 321
348 103
897 314
848 328
264 745
119 387
781 956
86 840
768 9
510 760
656 990
437 259
117 799
833 454
358 783
345 156
551 116
75 263
147 914
114 483
354 338
54 789
542 265
982 80
771 34
694 580
843 826
881 67
311 864
421 224
132 85
498 533
386 282
445 250
565 217
895 614
221 531
518 673
875 853
5 370
976 188
227 446
65 15
247 803
105 798
291 605
471 827
844 311
772 20
477 826
540 24
523 842
776 190
745 939
501 37
374 477
601 399
931 106
180 148
212 723
763 431
415 282
400 97
983 908
2 173
330 238
921 385
233 505
505 380
496 585
334 281
995 609
245 322
145 588
903 279
887 804
607 732
763 890
145 989
475 370
607 677
371 133
617 701
548 213
676 994
93 848
934 67
776 984
607 827
949 919
876 729
271 703
533 200
43 308
98 825
765 79
343 25
860 357
897 149
662 407
116 917
617 104
766 344
750 600
34 896
332 157
7 951
17 947
859 84
271 962
151 680
261 56
318 547
711 560
983 335
327 299
663 591
902 819
856 637
506 835
604 567
950 559
735 463
437 648
583 903
204 133
156 32
857 341
930 539
21 826
830 32
597 283
919 506
743 726
890 134
545 801
31 196
378 82
179 31
458 234
886 250
209 852
502 243
748 255
255 509
553 511
992 585
539 188
408 682
5 520
743 436
134 932
710 327
126 398
952 635
331 598
391 496
763 587
714 29
974 619
278 34
796 555
420 175
93 97
831 823
297 612
304 312
68 289
361 313
433 100
469 814
606 801
20 716
858 738
606 688
862 606
884 50
998 14
529 595
505 61
941 486
724 522
671 13
855 352
391 441
566 108
589 227
42 728
7 778
581 673
730 877
271 945
474 47
220 607
938 414
385 566
722 505
116 536
299 72
712 319
551 222
953 59
475 651
223 313
557 457
9 243
561 526
925 37
138 809
603 183
401 393
256 436
5 7
464 311
372 928
191 300
114 299
597 334
155 343
337 584
907 964
786 617
993 430
679 344
652 804
550 207
273 113
784 938
22 532
334 874
191 659
339 769
586 258
914 269
364 212
887 680
264 426
429 784
808 167
516 376
131 922
780 309
433 166
605 264
879 857
36 5
164 82
349 74
406 243
416 206
296 761
555 797
775 469
813 477
68 148
665 158
348 410
999 33
785 725
915 738
951 224
664 802
479 739
315 642
82 395
858 536
250 949
253 466
806 840
845 814
849 171
371 923
998 276
30 10
822 230
506 333
810 887
247 357
543 328
410 852
12 640
949 225
574 726
688 341
172 958
636 379
929 93
68 767
930 270
882 23
703 7
454 611
200 670
57 251
242 265
463 723
617 467
975 503
844 46
298 134
190 904
47 769
820 7
809 786
772 418
122 797
189 208
62 326
359 640
735 37
166 224
117 382
744 648
430 341
32 772
913 141
643 292
352 545
856 672
598 342
822 858
719 454
166 450
978 572
112 70
981 455
641 948
476 305
719 375
230 352
212 235
435 524
678 504
420 472
682 36
547 399
468 460
680 236
239 387
63 721
620 958
310 426
331 973
595 8
244 90
742 489
690 268
283 878
638 174
654 659
987 498
119 719
873 511
818 424
875 665
159 352
55 307
206 901
687 880
998 161
231 594
237 529
897 136
458 974
537 161
850 872
959 350
524 489
46 925
254 816
12 725
531 575
975 277
453 869
475 981
295 70
437 401
475 834
100 125
926 207
254 853
569 466
971 482
92 144
212 518
284 411
105 594
441 688
636 125
486 521
289 484
406 541
189 131
981 935
963 612
527 111
658 394
677 446
521 723
19 316
203 43
259 365
445 106
964 858
60 263
705 94
13 183
607 83
147 593
900 369
796 802
688 923
448 80
726 679
144 185
640 862
364 284
303 919
922 888
505 402
838 60
783 409
329 92
2 170
477 76
763 273
533 92
565 741
182 419
724 162
997 4
186 361
277 198
480 62
172 284
671 778
903 676
744 520
277 55
478 872
580 304
515 423
349 709
707 975
543 93
636 603
250 890
755 987
320 768
962 515
580 214
936 686
280 146
744 471
617 111
45 494
216 784
233 854
108 870
713 604
328 702
385 553
538 529
468 226
579 423
1000 240
234 584
254 655
856 855
989 808
60 880
354 533
704 952
542 72
247 450
854 366
639 972
251 903
323 498
740 65
172 533
375 62
508 844
180 56
990 521
846 621
123 62
587 335
125 644
950 991
606 456
610 919
338 690
302 489
485 439
972 353
518 541
541 468
856 442
160 369
184 631
701 46
852 174
265 986
784 710
16 336
108 238
435 422
623 825
258 181
612 33
378 676
613 163
36 994
2 142
315 189
481 149
942 10
178 335
550 767
565 973
956 162
787 410
562 41
999 124
582 172
90 742
624 370
880 972
737 53
205 759
757 442
6 1000
603 556
430 952
788 714
951 110
901 853
44 202
634 550
525 661
12 296
620 533
257 439
920 369
668 919
280 976
620 676
675 357
725 851
732 413
418 213
132 603
267 984
366 118
668 548
501 789
138 839
780 666
716 280
848 416
960 980
850 594
137 5
564 356
985 713
712 399
345 170
276 952
333 697
372 929
87 398
436 134
368 340
169 773
392 36
786 140
570 535
153 54
94 329
260 251
333 923
449 166
303 71
813 886
576 312
209 806
853 21
857 82
786 430
914 251
336 588
908 925
120 100
876 41
714 860
307 478
607 171
191 475
744 587
987 813
861 780
378 190
757 203
994 175
347 658
430 139
154 943
93 211
645 684
760 464
995 555
779 630
709 505
230 242
56 438
425 938
577 671
325 369
418 821
970 870
430 980
434 555
219 771
103 415
900 796
206 63
353 729
521 894
727 496
196 128
449 548
786 669
567 288
647 244
360 840
414 885
987 85
146 655
642 520
882 133
891 433
548 674
756 525
206 618
636 491
614 948
547 618
752 744
255 911
478 938
316 513
498 924
7 668
344 330
752 583
487 909
705 855
833 282
28 60
1000 373
565 195
35 840
243 769
636 824
861 733
854 534
614 959
62 470
65 466
977 387
382 627
700 332
627 852
44 808
740 605
545 601
72 673
587 194
145 427
738 106
757 830
403 783
914 305
301 296
44 424
549 2
606 77
112 305
184 670
830 565
534 740
227 576
7 193
801 785
931 862
897 594
491 855
18 605
865 198
705 445
837 168
784 44
692 685
605 156
992 207
561 350
192 391
214 836
370 891
335 780
881 842
326 577
720 712
556 358
404 139
614 180
710 731
533 178
1 65
111 922
348 312
629 985
578 861
6 210
922 507
923 814
266 103
232 213
632 332
769 68
932 560
475 935
349 898
615 427
673 928
102 762
494 16
822 195
937 891
495 281
980 907
51 741
808 1000
56 781
220 512
64 115
67 143
109 504
445 790
692 265
105 593
363 629
878 52
42 66
354 336
446 416
428 859
30 547
144 766
470 314
878 423
232 986
733 279
924 219
435 62
53 499
576 512
973 514
173 654
100 946
563 314
835 545
710 447
621 16
92 994
570 702
648 28
549 964
397 87
109 973
257 716
75 837
916 789
834 490
818 807
122 663
494 164
878 995
24 864
98 401
466 333
411 500
527 546
417 887
549 38
291 778
75 931
117 221
135 901
19 855
486 923
876 279
435 619
58 754
552 87
413 660
222 560
228 693
101 385
376 128
304 237
111 728
992 90
719 25
704 334
399 873
618 140
49 191
15 998
785 515
979 704
722 94
267 715
484 381
451 140
474 311
607 837
385 270
719 831
977 436
379 510
767 515
746 266
824 464
807 313
209 236
691 224
782 336
915 872
879 155
761 996
564 385
639 975
177 799
548 762
218 197
346 958
990 639
439 178
725 754
647 519
62 61
924 136
411 999
669 967
490 852
466 236
282 632
504 712
104 386
765 979
496 92
670 606
840 945
801 413
972 354
15 245
995 963
729 179
821 579
826 939
297 319
42 690
122 460
867 362
481 59
192 178
266 665
567 629
364 400
405 306
351 682
745 679
875 36
303 599
732 939
500 924
601 162
373 287
448 970
270 995
586 160
435 756
771 782
495 812
921 189
214 652
698 841
970 722
149 31
866 515
529 948
140 758
589 545
243 790
295 346
902 326
443 431
538 46
202 794
665 418
404 50
725 850
722 698
512 315
659 572
822 963
189 19
635 589
525 967
802 76
966 859
113 859
189 518
872 408
581 560
677 817
897 401
293 568
898 842
872 582
104 177
505 270
809 538
683 113
460 174
522 945
796 304
393 227
198 638
886 907
338 885
691 651
939 425
377 505
48 790
182 957
697 655
57 552
350 103
544 771
778 968
728 307
692 150
737 571
683 573
891 830
378 999
921 605
459 682
45 685
28 413
212 98
430 25
827 903
24 856
539 11
995 733
652 362
853 743
66 763
680 99
37 298
224 303
775 620
575 814
541 842
417 680
325 495
869 808
297 582
816 498
444 403
361 283
141 461
235 510
666 92
116 11
211 377
504 493
419 324
665 156
442 47
975 379
79 310
335 984
563 637
474 380
367 491
370 317
337 204
674 325
513 193
806 846
483 631
428 300
582 597
111 103
530 663
90 174
475 888
811 130
171 99
959 26
660 117
671 406
38 785
510 850
518 15
775 500
688 294
378 468
394 593
806 266
610 651
466 301
864 743
540 738
78 673
248 952
122 977
263 817
990 710
347 576
908 717
755 148
29 276
584 629
35 843
416 967
772 428
242 489
449 129
625 40
649 776
65 984
341 260
752 181
131 218
288 495
32 512
457 488
679 557
373 4
343 619
732 589
571 585
884 688
957 316
374 367
118 888
446 803
490 499
128 658
718 571
735 763
886 354
996 953
577 713
413 655
876 375
35 229
897 706
79 244
27 601
980 353
304 194
767 187
344 707
733 119
850 181
712 427
963 494
174 395
547 239
400 844
488 797
529 537
880 755
594 65
975 716
157 349
51 966
876 775
312 410
609 644
376 49
666 62
926 19
492 264
55 723
529 811
668 766
831 146
172 781
15 321
436 938
163 722
238 122
167 10
868 917
116 594
672 482
593 426
94 484
591 848
960 962
209 562
946 685
85 239
256 749
43 695
852 494
178 914
308 305
570 716
19 318
667 378
425 123
799 873
621 15
878 646
437 964
701 151
338 607
579 551
360 751
680 654
610 211
517 357
540 138
482 862
434 627
715 436
454 408
149 582
922 838
460 777
945 431
305 840
322 806
896 853
112 350
24 912
124 769
864 328
760 265
120 936
486 107
515 139
943 627
325 328
177 482
667 521
3 460
858 700
695 3
738 546
104 666
68 125
140 674
508 356
589 397
368 799
977 427
135 473
873 106
37 886
965 410
91 37
665 374
651 903
543 381
214 301
987 111
630 997
171 26
176 500
158 292
551 823
78 511
247 476
29 9
55 981
114 435
463 740
781 703
195 718
351 51
805 491
742 640
760 959
700 928
576 766
42 182
982 482
506 27
979 671
164 613
971 127
424 266
39 551
388 365
672 48
69 544
655 297
571 802
503 607
648 57
834 348
835 685
109 944
169 491
723 972
575 599
463 201
361 627
911 625
365 727
149 602
277 405
904 737
407 790
980 84
781 37
535 26
477 174
267 117
64 509
598 638
469 698
399 791
524 920
211 495
949 677
179 589
435 759
935 982
542 716
858 737
235 418
932 260
168 617
779 443
987 316
861 283
111 876
497 770
21 84
653 952
813 152
63 969
104 758
964 4
12 441
197 627
101 23
176 178
751 173
525 136
718 94
461 143
86 772
881 716
882 159
55 539
792 75
936 116
872 409
191 75
195 396
695 555
220 969
48 602
25 545
792 361
63 274
527 387
658 302
792 179
532 363
105 697
288 119
994 361
276 664
425 34
767 569
71 37
933 218
330 865
222 403
579 622
619 557
838 713
179 124
827 696
195 340
408 794
960 327
268 6
924 290
111 301
392 294
108 189
865 478
258 228
442 633
577 450
741 848
867 493
532 935
224 433
518 793
27 862
961 624
888 263
837 178
876 344
220 212
735 535
960 254
936 205
906 637
581 189
124 952
732 831
150 344
59 79
371 209
667 908
851 219
671 972
672 998
145 643
487 735
403 255
71 796
183 230
766 262
663 696
634 310
214 536
881 829
703 588
81 181
409 718
807 482
827 288
997 225
759 933
239 386
56 900
608 177
882 304
599 909
360 26
413 48
967 617
287 523
626 813
792 435
534 536
323 319
878 175
953 84
458 538
935 28
665 584
632 533
869 488
636 485
693 26
468 714
136 233
913 471
696 929
553 632
492 188
535 952
194 466
359 556
588 38
471 930
675 505
58 304
636 826
655 496
252 563
346 568
165 68
402 374
978 793
357 75
736 811
148 905
511 87
614 780
814 450
874 745
235 913
930 915
182 696
867 340
425 841
232 937
853 265
875 193
748 81
454 460
828 89
995 760
306 335
662 976
165 664
169 153
461 561
884 123
358 187
361 357
268 151
783 784
310 318
558 459
594 909
331 881
7 378
859 531
955 36
974 832
601 190
284 780
376 213
853 845
140 808
289 738
716 783
879 717
723 431
427 796
693 521
680 412
51 969
710 616
513 44
772 815
590 50
286 211
524 484
673 934
211 995
15 723
275 382
920 73
601 196
328 532
38 931
178 783
760 759
1000 38
952 457
352 577
920 871
557 526
760 614
781 666
512 177
640 358
548 855
459 88
499 188
390 823
708 541
982 84
465 124
753 188
937 309
575 463
88 813
341 673
810 220
316 773
619 612
201 707
878 647
554 217
408 803
471 34
504 908
602 717
472 426
843 237
681 218
607 108
97 771
889 356
818 805
891 598
45 627
447 945
788 979
745 69
241 986
827 831
757 50
903 386
761 55
10 639
799 317
861 20
383 752
594 881
408 270
525 285
276 134
367 332
566 963
432 3
289 654
966 704
271 522
699 71
650 641
693 621
732 5
492 802
203 721
185 830
771 579
673 977
836 123
323 72
324 279
141 839
826 49
43 185
941 672
214 290
281 749
835 50
376 655
380 141
753 493
915 874
510 792
683 390
846 854
61 550
794 821
464 432
601 529
748 672
989 854
167 190
143 189
177 878
527 94
404 69
648 845
886 941
806 162
679 176
403 653
955 968
532 121
190 839
504 714
194 282
855 595
161 579
933 805
23 317
796 99
726 996
692 188
535 710
956 889
98 81
818 886
784 682
967 411
951 566
238 685
611 181
300 644
27 964
3 833
799 610
909 30
948 580
182 608
514 316
723 203
623 939
165 719
884 745
885 80
705 458
266 534
229 359
108 638
240 543
496 617
919 228
794 220
515 80
582 114
418 812
991 981
853 916
659 157
810 953
832 657
159 148
716 855
328 912
565 5
278 610
689 393
764 587
56 634
300 381
746 221
569 700
716 565
953 349
38 521
720 432
635 591
30 445
488 116
363 896
252 317
586 757
716 644
203 987
683 341
314 400
264 677
211 776
930 230
381 584
826 311
561 514
824 204
130 837
683 115
847 60
7 693
781 674
714 647
593 258
687 712
355 83
856 716
69 737
352 827
204 820
96 917
208 703
209 650
835 618
89 76
326 355
623 523
825 448
610 950
347 685
710 389
112 42
244 543
983 15
545 946
50 496
625 364
933 59
112 185
667 67
481 468
118 995
619 842
70 682
614 579
540 354
981 400
250 394
476 216
603 879
834 178
846 417
510 43
852 274
309 755
31 159
604 371
162 730
625 680
941 36
85 962
301 133
514 22
519 267
956 423
524 227
599 569
603 698
290 800
59 812
722 36
6 245
135 403
586 567
200 198
849 175
243 168
172 148
307 647
932 622
574 587
941 744
655 910
197 648
517 937
828 619
263 525
696 836
436 71
773 320
276 1000
81 368
952 413
396 546
539 655
352 160
765 695
386 590
904 239
446 282
731 760
971 169
972 198
222 509
756 861
905 267
778 539
139 795
925 728
677 279
372 197
660 539
790 606
716 766
668 126
905 404
445 435
677 248
553 426
883 943
705 231
615 604
654 168
235 912
322 511
353 205
635 281
525 133
361 586
657 21
749 679
678 365
292 56
404 594
761 169
583 288
326 779
684 633
206 461
922 2
183 475
36 180
663 505
810 863
564 669
334 433
430 900
606 765
789 323
955 39
404 807
496 768
206 239
146 810
861 465
405 187
23 636
84 638
802 801
73 747
257 508
293 897
849 378
650 381
997 898
366 73
141 109
158 44
234 446
896 213
402 610
58 128
367 126
483 405
194 960
765 23
128 510
845 95
924 530
107 110
497 130
189 588
725 618
471 379
513 894
919 670
939 68
673 112
149 653
825 173
493 999
424 754
501 492
217 989
932 772
423 589
801 261
783 157
331 242
575 123
264 185
446 641
801 502
379 52
127 324
860 919
958 316
505 180
511 74
421 606
139 741
710 348
930 948
202 79
331 417
662 965
529 46
538 351
148 652
330 235
314 756
596 2
580 655
999 199
417 741
201 30
295 174
774 731
704 163
936 196
602 782
791 328
734 968
410 421
126 83
73 421
76 892
371 136
244 442
358 390
641 336
382 264
755 814
112 796
806 773
272 620
367 45
668 830
615 379
871 973
638 936
345 519
132 611
149 331
189 654
206 788
797 335
10 3
730 658
475 232
354 329
772 915
845 67
332 154
595 612
29 918
215 847
808 967
61 549
959 92
119 275
13 704
646 158
189 449
155 721
302 672
30 755
252 295
252 360
697 406
40 655
548 909
367 598
8 493
317 381
246 269
303 318
514 907
882 829
757 703
955 971
407 364
778 576
450 689
566 739
248 112
990 815
113 329
791 714
792 604
653 677
145 86
454 216
754 466
443 681
527 877
257 557
221 276
835 443
286 688
325 214
550 273
58 947
946 98
993 453
942 14
945 346
174 116
876 374
475 439
663 432
25 452
409 37
780 108
362 15
275 908
884 904
757 390
297 760
248 106
466 225
943 529
712 793
819 543
170 326
272 426
680 311
954 314
516 709
477 511
447 283
672 843
367 464
710 550
253 457
128 152
612 528
264 584
944 218
67 413
583 575
517 547
998 243
242 941
8 589
7 769
798 20
656 637
967 647
452 464
333 339
725 94
131 177
733 658
312 178
975 853
199 319
716 363
276 580
61 698
869 323
891 247
782 330
288 26
843 872
757 738
118 292
389 884
542 330
530 370
215 550
91 636
865 641
22 702
699 233
338 771
112 909
108 409
544 107
678 21
592 342
22 553
446 543
71 180
365 407
648 471
322 586
606 202
93 269
973 809
563 21
297 425
75 883
176 566
35 381
110 931
465 150
753 528
827 777
649 685
616 792
41 573
813 327
637 515
675 314
715 557
112 582
24 744
941 35
951 632
980 447
158 791
305 193
894 29
931 21
521 785
903 235
525 693
512 764
662 374
337 193
160 710
214 393
569 622
35 240
663 920
873 32
565 666
931 448
475 972
186 265
651 961
164 916
310 958
134 360
871 763
693 247
445 782
564 324
657 686
103 930
612 72
557 697
482 373
544 760
678 855
646 497
14 127
531 83
398 222
679 379
132 14
316 867
101 694
908 607
835 585
428 913
895 985
416 841
643 410
290 878
221 698
294 814
398 315
118 34
840 972
273 440
383 154
294 697
504 993
781 137
766 985
643 184
115 54
110 972
168 231
153 853
960 67
391 311
273 412
269 881
779 662
525 102
927 278
303 520
453 155
681 696
296 730
44 360
616 899
653 258
177 73
248 197
609 78
383 687
595 15
379 648
604 455
883 264
44 142
676 23
186 307
538 868
125 198
474 462
77 163
884 277
685 804
916 712
711 804
177 533
767 760
312 268
539 991
77 52
168 976
617 7
247 324
820 940
940 261
872 467
467 857
485 416
108 541
159 675
975 781
484 872
821 183
34 570
273 786
94 378
470 301
463 547
319 527
616 261
765 956
658 22
201 705
228 298
937 213
848 936
636 975
255 483
834 486
549 81
184 719
745 830
386 465
945 428
830 38
386 6
98 284
173 334
415 401
842 143
240 757
780 114
596 114
175 625
809 495
799 204
693 841
948 934
148 338
277 50
11 59
689 18
563 521
49 204
234 241
989 383
239 128
223 783
140 669
138 507
546 492
867 708
592 626
367 44
884 250
928 660
232 353
910 996
429 323
384 966
665 379
3 892
812 510
195 919
380 24
792 114
410 905
413 502
514 312
419 861
994 911
636 440
838 804
530 621
837 895
369 463
787 422
274 175
368 734
955 748
349 620
963 809
855 783
363 597
53 305
497 399
687 566
523 561
125 671
109 250
991 236
479 408
429 755
891 968
764 314
412 455
425 993
848 773
78 958
130 103
784 541
804 592
58 862
667 456
1 863
304 754
78 224
715 452
537 996
40 204
187 687
795 44
47 395
875 250
605 397
715 341
455 598
763 362
83 479
581 420
953 965
435 474
843 489
774 821
819 320
896 675
144 440
805 829
860 338
871 44
175 533
380 521
641 657
399 641
326 995
993 166
903 369
27 514
124 518
231 802
270 918
624 454
382 474
991 868
524 249
599 62
547 168
430 556
306 710
453 629
681 914
147 332
243 33
279 793
68 92
784 421
669 223
3 715
208 343
335 742
216 834
214 477
930 117
567 328
38 926
555 256
665 704
261 245
906 250
599 91
46 841
265 775
968 911
458 741
534 994
481 844
43 69
480 889
501 641
636 476
527 287
711 530
379 109
590 437
955 776
759 262
192 520
264 901
88 713
986 174
380 369
509 584
34 814
742 675
375 398
716 484
711 304
807 797
131 452
683 787
977 626
725 500
411 116
74 186
649 617
134 856
166 329
575 743
135 666
959 644
191 750
947 68
107 227
574 293
121 67
709 706
342 761
706 532
514 323
58 711
809 261
153 233
5 776
279 377
248 169
33 771
395 868
895 457
917 759
684 550
421 541
281 77
50 818
721 559
617 750
135 239
998 93
12 378
361 424
58 392
223 822
926 281
672 872
715 594
345 860
552 750
310 226
901 965
349 520
687 587
59 647
542 969
855 258
693 419
987 138
797 23
872 730
474 410
789 993
205 218
885 648
190 374
601 685
495 610
414 894
164 917
237 841
698 429
863 533
565 955
627 366
275 69
630 851
798 787
892 90
609 895
479 50
543 997
363 541
489 874
218 296
386 588
96 964
80 313
235 562
564 155
688 618
364 897
293 395
425 3
423 568
299 630
351 13
400 679
88 870
807 662
921 739
502 130
875 420
89 479
827 729
995 799
178 95
288 483
1 766
683 682
689 553
762 97
782 786
89 761
715 285
199 644
336 890
978 713
689 954
846 751
748 483
970 933
952 680
883 636
794 215
136 917
106 175
527 747
362 53
14 986
827 133
476 45
262 432
317 699
244 416
742 483
693 741
642 175
220 473
408 211
817 137
357 208
943 697
68 5
737 338
993 151
958 682
984 943
711 918
196 225
567 402
971 813
521 750
919 266
580 15
637 106
234 463
437 106
609 521
918 747
526 712
110 69
539 847
81 449
213 324
125 920
275 97
221 669
778 328
428 705
899 724
5 89
427 507
354 840
657 538
655 51
749 180
271 314
293 478
576 662
27 302
378 214
695 931
455 446
826 702
956 737
298 503
887 475
30 966
397 449
515 674
143 749
660 569
790 632
353 269
668 92
464 930
999 914
149 284
173 427
49 613
545 632
902 426
809 163
425 682
338 381
546 950
818 947
691 131
469 506
879 814
715 313
866 935
945 316
547 448
537 730
975 104
667 811
671 867
535 208
149 917
405 507
499 464
119 907
491 53
802 609
508 386
309 607
658 357
775 854
44 220
840 131
539 969
310 59
607 819
374 265
462 486
803 486
450 99
332 950
573 720
603 491
724 620
965 390
510 573
202 882
811 800
725 810
626 993
534 596
495 312
601 741
510 799
542 434
938 199
209 385
554 503
238 884
332 216
812 579
118 478
172 674
740 429
136 51
339 524
344 438
739 239
891 952
566 656
311 611
95 216
299 975
30 845
514 602
847 491
819 421
487 243
624 59
442 464
351 512
120 746
945 463
763 576
865 144
538 374
336 834
596 32
729 449
322 953
365 123
663 434
137 768
390 690
395 200
552 469
718 486
385 755
906 724
429 489
274 151
721 595
421 773
141 646
879 262
403 457
202 948
722 63
66 751
742 58
393 729
655 657
452 898
578 329
977 395
263 260
693 511
91 5
884 334
150 670
599 997
949 150
591 577
793 442
794 997
389 463
561 950
160 777
215 877
626 148
279 64
590 267
313 221
575 221
632 509
850 588
264 823
565 983
75 375
895 705
997 455
420 521
351 19
703 206
869 722
856 719
963 661
515 313
915 470
19 269
248 779
374 195
963 546
985 30
735 206
592 328
22 559
294 768
406 334
430 320
416 670
678 154
221 709
539 601
141 324
170 645
27 52
807 842
473 972
476 437
780 349
247 518
127 124
808 174
202 389
23 145
304 509
841 298
330 289
314 682
279 376
433 40
61 927
111 569
262 469
528 59
103 165
529 790
6 974
262 356
817 19
138 664
72 214
989 382
395 417
724 966
564 915
121 623
859 809
328 911
951 249
681 909
145 172
851 317
808 508
660 285
823 803
958 542
741 192
764 985
508 31
163 940
445 554
356 91
138 146
431 619
198 802
659 460
688 332
726 500
57 147
885 937
446 63
599 239
565 43
68 629
566 284
975 705
312 512
310 734
259 600
192 533
544 762
321 183
947 743
51 474
783 21
752 637
768 498
167 887
947 275
276 713
425 241
230 844
929 801
454 772
348 604
829 328
721 455
910 59
182 914
298 419
579 590
490 587
292 325
705 228
335 289
669 577
47 477
748 62
415 665
507 744
386 794
204 648
867 344
884 701
395 337
653 94
212 242
657 411
936 238
54 454
25 273
188 875
373 289
502 310
732 872
608 678
555 993
511 407
688 53
465 315
124 984
620 949
732 799
550 904
336 552
462 24
465 340
301 230
656 507
399 617
239 366
703 543
339 444
106 465
453 588
22 809
430 724
125 196
239 76
115 466
962 425
968 234
38 596
910 552
949 206
329 973
915 850
57 62
904 449
246 538
375 162
655 796
413 385
403 249
787 396
881 281
459 207
186 525
853 316
88 531
584 696
582 999
94 489
541 54
144 756
972 150
848 140
242 439
411 910
32 89
356 897
772 397
313 608
479 311
122 208
14 456
114 588
207 473
208 521
334 326
212 449
322 513
274 668
922 720
388 717
781 171
896 955
719 258
348 688
311 316
903 728
745 828
505 411
904 619
619 164
288 750
75 566
232 679
230 406
614 497
774 617
908 487
734 213
841 988
235 445
630 667
336 532
337 365
724 911
893 784
343 307
471 254
555 747
77 355
777 693
671 17
732 1
551 639
150 512
478 909
67 418
953 325
851 107
171 384
634 345
30 69
33 487
536 458
369 271
629 729
730 768
177 896
843 611
181 72
459 282
936 838
411 735
484 959
785 425
697 42
271 123
94 570
973 365
460 128
375 55
359 914
485 595
432 673
986 200
803 946
185 367
406 577
762 626
155 323
428 821
503 147
806 166
114 654
441 582
277 253
914 808
826 851
743 537
83 530
636 894
711 108
402 442
759 100
886 109
460 810
671 544
563 939
417 789
776 894
168 161
421 593
27 742
266 530
598 627
162 579
879 946
194 739
679 982
559 268
945 168
395 203
177 791
179 592
733 112
352 872
390 322
266 884
524 225
257 31
370 384
187 218
975 365
978 67
110 454
543 62
345 759
290 48
807 501
719 793
896 144
698 36
669 357
228 235
263 404
233 827
289 121
785 924
695 433
817 515
690 787
109 297
42 482
575 220
62 293
564 355
821 124
346 924
735 410
583 726
839 360
489 908
237 22
958 14
542 329
800 952
160 71
117 900
164 567
200 840
592 186
801 450
369 960
596 385
639 557
160 293
821 560
153 604
179 240
109 911
644 942
370 913
41 247
888 558
675 624
912 366
296 963
135 954
571 400
365 839
830 659
102 314
193 766
984 287
141 374
622 39
258 434
701 670
461 665
965 25
257 202
224 3
225 318
789 997
376 190
272 393
814 615
935 582
85 959
672 874
505 911
931 231
214 307
577 803
294 422
287 720
568 739
77 188
370 134
371 867
599 795
600 875
747 524
586 642
663 778
703 809
209 157
119 438
981 599
963 52
711 722
694 932
878 193
806 546
509 674
60 832
264 837
263 521
638 201
177 459
939 780
332 44
300 534
440 401
104 147
964 569
751 787
419 996
591 606
543 999
359 986
731 335
678 842
293 312
757 707
778 473
104 433
640 53
562 410
38 68
331 202
528 958
957 227
9 723
450 615
536 668
313 805
23 470
445 288
207 65
973 970
402 949
575 618
500 150
35 397
951 747
202 422
573 149
885 99
995 767
885 56
984 332
896 766
549 156
608 712
222 972
468 403
176 676
233 405
986 42
840 242
475 496
314 830
906 538
909 917
470 693
144 273
864 360
222 750
11 963
249 588
106 79
580 363
529 531
880 745
746 142
785 826
551 555
292 734
497 932
264 515
797 359
745 78
530 866
432 969
590 584
441 109
314 485
613 207
47 745
734 877
612 265
890 695
411 754
963 929
213 322
718 392
309 223
261 100
973 328
497 802
359 873
475 592
734 911
721 256
856 537
6 994
346 711
790 796
222 306
627 648
477 640
334 827
227 425
568 491
532 526
455 329
938 805
43 587
118 13
190 654
378 950
895 847
643 264
263 44
768 439
499 918
814 483
339 961
946 235
563 730
397 161
550 489
313 9
23 538
773 518
960 51
690 228
139 630
840 713
468 266
272 21
738 254
26 44
154 25
817 955
396 494
948 643
884 769
595 462
1 363
607 543
137 864
224 906
63 765
390 359
864 428
24 291
245 619
484 405
235 669
567 210
327 841
138 470
349 733
206 126
138 700
971 890
737 380
93 653
487 547
556 103
695 94
180 371
960 774
261 47
464 437
933 637
570 793
939 164
433 779
811 494
668 365
428 822
948 13
307 191
697 267
955 975
468 874
492 16
900 295
597 147
835 514
433 582
634 156
227 338
874 667
583 49
420 171
773 745
417 227
785 11
587 131
19 687
993 360
654 279
549 195
309 878
754 771
296 887
885 91
327 593
283 659
902 384
274 818
387 721
210 948
942 125
641 662
330 275
314 153
663 317
452 24
589 585
182 161
572 889
796 341
963 428
448 751
324 82
551 653
6 770
101 128
195 199
15 624
881 996
862 865
920 232
267 835
628 614
792 34
976 847
133 790
444 953
727 146
879 87
663 854
261 242
635 563
368 77
800 620
525 849
584 275
363 788
532 19
446 239
664 395
39 61
708 198
997 265
375 101
431 695
454 636
700 892
367 513
547 704
65 819
925 429
708 963
450 975
349 59
778 657
392 44
658 443
952 228
21 869
8 28
616 305
299 527
748 822
691 278
52 845
792 153
950 802
41 468
294 774
98 159
460 538
687 821
959 560
502 165
122 375
397 7
454 56
277 721
596 497
615 567
377 713
366 491
662 748
926 817
429 775
784 794
268 395
417 839
144 249
566 924
700 390
172 642
853 736
641 976
705 425
641 577
988 312
216 528
277 149
685 376
561 298
745 533
455 910
16 225
823 238
149 971
336 590
140 770
822 290
793 88
81 798
64 620
690 752
966 525
228 434
370 308
812 163
67 492
85 117
220 278
497 959
3 808
150 713
840 909
241 434
846 241
205 215
318 270
800 537
450 158
547 820
87 215
56 889
54 260
464 494
997 220
839 361
935 26
781 880
860 763
40 700
717 862
651 560
968 652
878 403
368 360
702 93
631 169
321 38
468 819
714 567
587 271
204 853
223 75
393 482
506 93
610 855
922 587
616 444
88 117
730 428
283 396
787 524
574 452
334 617
61 271
376 287
856 233
304 81
685 207
570 529
712 814
904 703
814 166
466 496
639 183
552 113
342 855
24 554
867 568
338 182
144 387
720 930
758 608
775 734
478 746
895 536
909 916
713 19
642 49
497 744
922 289
906 746
180 971
401 994
272 502
861 300
167 767
152 172
813 73
428 233
871 855
999 354
180 634
825 651
608 117
799 891
499 132
48 476
301 902
394 56
305 451
897 135
916 165
681 888
635 669
393 864
525 951
609 526
672 59
332 883
355 722
392 424
985 623
752 814
25 871
932 798
972 329
492 504
845 444
933 553
275 211
132 200
248 987
137 214
88 644
895 667
222 307
703 256
501 408
763 125
808 556
312 827
630 463
499 891
464 534
467 409
450 729
754 427
406 313
628 843
238 667
574 273
353 371
886 7
160 382
126 408
457 397
538 330
317 905
377 230
654 312
933 335
443 991
201 501
814 194
656 172
586 37
988 369
625 521
755 614
242 896
349 393
957 714
596 126
141 445
36 213
222 568
984 583
269 601
589 676
571 185
331 992
797 951
897 961
37 862
582 650
130 272
618 7
971 893
331 433
132 729
169 302
543 469
176 307
159 476
200 259
309 495
129 793
367 153
462 723
767 664
972 752
829 857
591 622
115 289
99 612
321 418
435 392
952 380
915 880
533 289
607 123
39 24
811 195
578 714
246 612
781 807
638 542
604 922
554 355
5 41
691 518
971 535
591 829
246 262
530 267
70 592
30 643
952 201
204 782
522 743
703 980
368 15
740 319
177 991
815 207
984 201
838 740
786 67
861 541
259 449
355 360
174 812
356 695
141 29
330 86
995 856
92 764
454 511
58 956
247 471
994 128
536 938
249 975
526 291
896 776
550 357
678 430
576 32
850 451
353 121
979 157
266 528
12 108
250 483
126 150
535 128
277 368
172 362
27 617
362 8
714 485
883 422
541 896
391 25
185 898
516 706
36 431
3 702
742 57
46 512
730 593
698 179
233 936
640 248
642 906
729 619
78 256
155 997
979 567
272 875
78 435
532 344
413 470
60 813
468 570
103 949
53 224
915 253
245 327
998 882
108 752
553 517
626 117
19 161
459 102
172 261
872 205
624 670
507 882
968 736
227 882
350 220
722 819
852 902
912 563
261 643
585 100
717 986
947 987
929 612
416 657
715 23
956 795
886 220
359 372
792 859
813 527
746 562
799 588
804 901
430 33
253 578
990 185
369 689
922 953
580 701
49 307
620 174
469 758
643 97
701 811
480 145
483 889
418 731
185 700
330 447
444 427
102 139
196 324
804 155
606 779
906 759
319 414
980 452
175 666
624 486
85 944
349 659
889 902
49 255
965 313
418 44
550 845
737 330
974 9
98 772
871 899
394 5
624 792
106 267
159 263
347 111
853 91
3 811
189 832
160 640
341 517
831 358
100 508
263 506
917 57
416 275
725 75
454 703
99 700
669 248
137 479
746 477
533 195
659 318
329 935
950 626
555 241
60 817
591 727
602 188
355 288
697 96
570 990
869 354
564 240
273 18
311 785
389 851
66 224
639 749
769 989
118 474
757 626
369 785
539 551
818 726
748 795
655 505
398 850
610 852
994 503
23 355
668 116
506 217
249 308
127 436
164 267
75 848
558 607
541 403
190 611
411 370
231 333
734 124
457 400
67 849
1000 826
312 530
487 52
74 107
115 637
996 978
779 572
70 247
130 839
348 973
240 718
996 929
10 578
136 921
232 846
862 458
676 19
650 946
949 742
292 875
646 590
136 741
984 539
1 47
185 954
133 570
758 605
119 705
724 997
577 464
716 917
715 810
555 529
632 124
376 954
324 314
440 343
21 262
370 168
650 502
544 861
115 330
108 884
91 78
275 391
719 576
831 154
100 400
377 877
677 847
507 510
59 600
146 744
972 860
440 437
202 669
264 867
337 851
488 449
665 557
732 758
119 186
431 366
659 203
626 42
554 287
94 492
247 22
783 106
772 505
846 654
619 716
235 711
217 80
145 211
728 324
657 824
269 178
886 149
338 599
230 585
88 82
126 526
473 920
476 457
717 645
527 900
89 680
400 205
681 108
496 358
62 725
728 17
16 509
272 23
291 821
716 93
940 606
245 422
953 797
625 520
590 546
438 855
153 165
779 681
729 538
163 92
891 292
760 128
282 370
836 829
426 895
505 619
609 109
883 378
584 668
673 648
689 819
512 522
622 180
551 747
328 123
236 796
42 969
646 852
812 100
64 964
923 420
512 296
695 313
189 648
850 834
445 766
580 111
56 835
458 434
855 36
952 381
510 771
445 960
307 995
123 15
479 24
665 521
26 825
503 255
786 783
34 744
311 808
227 233
464 725
337 601
545 220
359 540
364 950
520 270
42 190
668 158
725 475
19 884
161 580
483 96
679 318
994 460
146 690
151 865
397 481
990 928
506 451
443 34
9 634
999 771
306 44
519 856
250 748
743 318
448 805
179 951
805 855
130 113
46 719
331 720
286 596
783 800
590 518
790 68
406 753
452 907
879 556
650 586
665 799
140 792
970 731
723 385
651 364
279 679
727 473
932 659
380 526
10 207
73 832
875 603
803 390
253 451
916 239
720 536
292 641
612 542
493 728
16 263
15 739
751 181
238 472
919 905
422 675
985 565
858 559
833 633
928 403
18 487
751 907
110 1
904 412
189 398
673 65
844 174
366 350
973 270
499 180
924 886
330 695
567 416
810 125
811 460
372 986
545 248
375 389
268 577
951 376
713 542
221 718
340 844
195 944
972 296
900 29
243 988
743 751
389 528
249 287
985 147
658 91
308 608
183 532
455 275
994 67
192 969
344 180
236 386
680 892
11 234
505 487
269 988
349 46
919 102
689 735
706 529
912 240
452 713
804 422
100 762
952 657
903 434
248 174
853 607
895 500
145 624
98 688
76 460
357 965
106 199
569 805
589 666
166 921
266 791
949 562
931 27
953 567
555 743
292 967
262 235
870 28
48 163
654 813
366 847
409 726
674 346
512 353
987 129
54 248
592 575
224 723
8 896
850 891
245 835
841 580
648 752
186 275
225 767
797 305
856 883
674 60
622 350
897 347
368 573
385 623
522 120
406 54
877 884
843 556
716 310
807 73
459 295
904 440
872 12
160 152
588 376
865 965
811 411
316 539
320 853
962 5
510 758
968 654
247 162
910 396
553 753
403 714
853 78
377 381
362 326
736 948
274 293
222 119
739 43
588 454
227 287
430 352
639 450
549 982
967 459
183 632
666 594
524 532
1000 940
286 867
895 805
386 909
577 422
26 164
338 402
874 608
737 824
740 867
975 226
867 429
562 389
840 575
383 375
478 601
500 49
482 516
525 96
510 78
202 647
738 309
650 947
353 785
889 839
12 132
340 521
549 507
219 968
680 358
129 480
542 524
410 507
453 423
20 894
669 220
314 31
282 679
595 130
717 183
564 883
232 508
656 270
417 286
652 183
383 907
224 768
966 914
323 84
917 202
719 722
293 346
621 928
413 123
807 271
514 176
632 347
885 887
394 280
747 890
941 846
218 68
290 345
711 576
622 229
347 409
782 405
747 920
640 382
76 830
739 792
522 894
262 573
910 505
469 23
369 163
904 178
368 57
264 209
543 853
861 646
881 200
619 604
972 284
765 950
182 882
473 878
112 26
442 743
722 907
136 378
782 977
472 434
588 800
511 697
373 126
729 206
611 327
662 682
701 112
335 438
37 280
165 723
758 242
151 256
932 11
472 130
19 882
738 358
447 747
118 716
357 908
374 793
322 961
720 896
112 565
674 531
559 741
624 464
509 178
954 289
560 936
229 339
271 387
606 595
668 902
652 51
894 428
94 994
629 899
36 629
177 730
16 600
591 507
573 860
615 449
379 377
677 946
659 411
954 869
999 549
702 479
538 612
911 369
859 160
589 119
756 398
760 539
819 813
835 203
838 798
323 511
576 935
916 264
789 518
908 513
722 555
512 149
734 622
990 756
812 568
173 966
680 721
950 938
863 415
795 919
716 179
330 882
192 895
959 537
929 606
308 653
826 974
61 83
724 277
482 136
688 803
374 410
411 140
472 398
588 836
921 591
796 793
672 279
255 18
993 365
867 404
919 190
279 226
643 382
809 275
645 701
118 697
877 607
446 284
73 104
866 823
64 357
984 694
654 185
295 622
331 817
746 912
139 194
175 640
901 858
3 531
611 710
504 330
276 408
479 755
138 409
603 711
340 807
489 427
896 229
458 954
997 963
391 846
825 818
30 407
312 347
366 146
405 990
802 66
38 912
384 855
25 555
355 748
467 934
587 937
678 576
570 841
540 285
831 34
111 200
882 118
699 660
953 925
338 984
258 770
697 443
30 477
312 919
385 861
137 236
85 174
52 985
646 415
744 777
929 649
456 881
734 356
788 313
296 282
227 482
389 7
193 182
175 2
285 734
363 226
274 337
4 378
734 794
687 935
878 566
394 495
645 511
207 258
210 811
563 26
175 352
583 167
207 179
321 564
163 313
996 911
408 432
615 871
745 649
927 315
268 228
438 796
666 51
90 705
823 235
571 370
25 90
724 860
751 389
474 723
2 826
521 794
614 135
18 361
1 114
629 970
451 78
272 683
517 767
600 334
656 705
531 559
147 310
42 672
594 373
968 274
294 266
651 855
157 2
206 333
124 91
627 463
418 494
668 434
150 921
7 512
47 567
431 340
470 442
899 766
294 48
55 788
868 217
262 598
857 360
714 675
694 629
347 602
382 668
351 131
652 764
411 86
194 508
885 350
307 105
588 942
660 547
590 759
829 436
562 721
256 738
619 512
451 914
507 638
109 990
554 893
147 577
683 531
463 795
122 411
913 10
892 762
735 860
370 768
939 843
62 654
871 396
305 939
759 85
832 900
983 679
710 933
841 90
624 294
595 423
318 770
874 146
179 652
202 535
367 307
225 350
444 568
928 929
215 383
72 247
699 50
646 735
280 996
867 872
543 109
836 249
765 205
819 973
738 647
954 175
228 841
716 998
937 983
371 835
656 557
142 552
34 113
551 948
6 491
670 2
215 231
507 496
678 569
593 23
626 655
686 744
200 599
593 416
596 769
25 652
542 491
103 91
460 232
687 539
744 931
318 154
768 467
94 381
350 779
867 992
601 847
394 861
143 378
355 224
122 67
47 158
453 740
786 90
717 279
297 191
722 904
942 463
550 402
532 761
865 428
810 487
740 47
300 665
507 651
145 396
573 68
921 483
739 292
429 844
162 969
235 967
953 946
182 524
865 142
631 611
814 193
118 850
301 402
196 760
841 229
201 6
700 56
645 745
407 746
504 81
609 242
644 535
685 189
101 438
447 670
395 51
287 993
201 352
331 997
150 315
82 37
104 629
430 539
270 812
181 415
974 212
850 30
137 601
251 599
340 780
389 307
708 23
620 715
197 534
474 429
129 798
320 987
950 381
266 401
33 506
785 939
312 303
834 716
281 756
755 215
506 621
697 188
219 256
99 758
544 601
323 510
472 932
457 117
112 647
190 18
303 337
565 110
622 113
918 474
338 900
134 597
156 53
817 853
878 334
860 813
296 400
403 660
406 565
977 527
544 406
679 312
661 797
117 649
833 72
227 457
531 257
80 549
279 31
362 435
803 528
633 852
636 601
732 664
144 145
127 70
771 460
376 94
222 878
210 654
562 507
528 311
856 164
255 226
607 345
3 231
956 199
939 915
465 612
893 636
784 976
220 202
314 771
900 526
387 725
158 656
452 866
392 237
185 534
476 19
993 191
900 925
25 125
244 119
228 604
653 189
653 184
71 818
438 83
793 64
318 933
598 961
50 619
487 514
918 3
699 122
949 407
633 498
232 309
654 966
988 916
644 443
707 748
817 292
945 879
204 282
115 401
405 989
272 306
363 891
966 854
608 286
804 988
561 936
727 31
967 524
149 916
702 331
742 632
88 545
485 481
323 474
433 848
682 799
129 693
647 719
635 789
431 288
553 522
261 984
916 668
820 626
249 760
360 996
311 703
517 112
104 489
820 423
549 687
329 452
679 476
888 853
647 770
304 774
106 766
602 283
420 868
13 243
736 648
184 543
848 518
746 561
304 612
503 694
269 986
499 707
762 199
287 266
645 656
91 295
61 457
219 625
326 951
935 799
258 399
352 94
651 428
335 143
687 474
466 42
345 907
116 30
633 172
465 354
124 545
840 370
72 220
309 657
463 965
633 398
875 569
660 283
842 642
536 361
557 943
10 112
232 160
930 33
270 518
254 529
918 710
470 501
881 806
946 971
157 144
968 835
473 299
581 911
272 842
536 7
388 836
270 288
220 935
848 120
371 565
964 550
693 96
201 488
894 931
436 255
510 936
562 797
768 456
398 55
962 806
523 638
653 515
925 318
640 690
551 420
679 371
683 884
478 112
830 229
934 252
910 61
680 526
297 66
778 915
692 893
576 990
934 785
66 560
493 575
786 281
168 64
187 748
724 445
46 161
853 287
395 987
396 112
589 969
738 209
831 924
723 895
525 13
31 836
147 612
383 369
296 819
560 672
743 209
61 182
274 886
514 329
25 388
814 900
965 248
470 718
89 781
129 486
58 452
811 654
343 235
673 737
470 569
181 442
898 338
323 221
408 218
855 334
949 901
492 816
724 761
333 160
443 480
125 222
557 209
851 588
820 517
12 714
437 115
938 456
72 352
996 198
569 364
185 123
77 957
267 621
933 580
695 613
354 964
38 808
590 325
333 740
105 605
392 25
454 971
165 268
863 421
756 779
531 119
203 38
648 185
88 934
160 499
53 616
294 834
31 629
587 13
960 409
233 662
905 520
320 120
905 786
205 787
459 623
43 609
823 415
491 158
705 411
406 197
192 209
12 68
529 182
951 379
859 221
700 57
596 122
245 340
748 333
813 275
274 858
558 58
561 374
463 306
180 772
306 587
913 561
953 764
438 116
441 464
814 787
170 106
12 313
280 961
452 957
437 181
793 133
99 906
595 785
210 273
710 578
859 900
628 207
774 175
405 952
103 687
459 387
171 23
110 730
391 522
437 919
648 537
132 394
601 543
640 429
553 924
384 619
39 485
48 568
503 248
697 413
751 854
181 153
901 107
616 75
300 214
968 712
753 86
772 472
866 431
913 598
194 487
285 583
735 211
493 740
574 215
151 866
917 390
377 315
645 264
151 211
819 61
785 125
883 878
133 317
238 699
973 828
406 391
444 206
622 541
673 738
269 161
531 667
745 770
825 354
364 388
25 290
101 759
157 805
619 134
657 357
854 836
738 264
847 245
231 965
277 237
581 95
492 98
196 499
126 116
880 584
760 14
446 762
999 337
196 2
841 883
418 4
805 744
723 371
158 962
698 191
37 975
372 498
409 616
837 864
855 335
152 690
484 123
509 664
295 61
526 144
156 453
873 877
73 789
627 410
68 104
539 780
481 836
850 583
320 710
651 698
375 96
503 47
416 233
753 272
668 479
981 768
17 683
41 317
616 167
126 792
109 214
369 873
80 484
856 325
394 786
715 186
588 900
259 400
479 373
616 325
28 243
891 861
126 73
790 571
826 992
810 301
44 825
740 686
597 35
356 855
985 949
65 729
61 230
176 592
875 222
253 606
344 806
120 781
728 972
115 530
192 281
819 676
932 77
954 389
153 98
338 94
546 731
488 469
103 162
215 484
988 164
736 309
590 656
646 614
213 978
44 268
636 860
693 649
72 221
716 946
340 982
42 908
730 561
358 726
31 308
128 125
367 108
16 737
945 650
929 269
52 468
431 623
816 971
119 396
446 196
48 275
18 439
147 169
609 598
405 609
212 897
855 233
553 494
753 419
589 61
204 29
441 821
740 191
479 149
191 225
75 264
661 513
755 474
259 577
777 28
872 158
222 90
200 795
19 193
276 720
62 225
763 84
319 530
558 641
564 18
213 236
855 557
872 817
369 998
226 105
249 312
213 861
550 116
866 185
316 90
724 335
83 321
619 915
268 469
325 772
397 183
515 876
516 179
166 508
26 163
559 127
391 409
898 815
395 986
378 894
697 770
921 107
814 171
821 506
602 897
643 65
314 841
971 393
79 75
370 889
908 107
141 404
609 212
173 3
374 908
859 620
897 847
1 178
756 156
461 776
202 320
82 63
77 376
168 556
153 408
686 306
546 449
105 119
656 257
862 915
154 626
765 188
50 643
337 709
719 735
25 967
524 415
876 906
146 597
879 37
437 114
384 866
829 929
355 806
691 896
380 27
830 422
570 925
750 413
660 909
717 236
919 656
544 686
30 669
587 704
651 593
881 728
913 424
237 511
345 30
330 714
442 896
459 34
226 811
889 891
950 892
312 704
4 30
268 667
910 30
531 231
739 72
709 608
268 362
51 74
472 203
681 199
934 819
545 624
794 453
967 313
865 275
410 102
748 424
641 994
454 295
607 359
631 637
222 673
525 48
552 82
202 343
809 325
314 877
667 803
61 496
463 396
391 163
548 212
966 285
218 441
250 682
345 962
935 951
438 117
665 183
280 851
177 509
200 42
966 543
220 437
239 139
427 885
409 738
764 570
86 554
937 928
129 227
63 814
375 968
682 628
129 796
189 644
794 614
46 971
548 521
950 820
646 106
423 39
742 963
142 693
751 115
911 833
557 470
389 100
527 258
30 366
566 300
109 463
521 381
644 76
377 623
618 599
711 438
87 504
659 235
455 701
295 266
212 671
605 960
308 362
772 473
9 819
624 710
806 40
113 327
800 113
658 115
112 57
524 583
300 744
687 908
579 527
912 490
344 220
417 152
655 132
558 923
979 322
212 83
511 225
912 481
687 226
247 683
88 336
672 520
624 273
6 74
791 241
304 654
335 181
723 949
289 581
839 517
842 315
435 707
720 879
607 633
538 16
477 324
278 799
344 647
105 157
96 56
68 54
736 8
275 628
197 693
868 541
615 256
435 342
945 796
841 707
110 440
807 498
323 185
831 504
104 881
569 713
55 253
945 386
811 772
228 146
524 423
357 498
587 989
271 902
453 815
347 292
617 198
644 847
110 5
972 864
699 568
95 723
703 16
315 819
817 661
892 79
416 234
855 16
994 539
417 780
622 19
774 879
130 971
133 212
687 733
265 862
658 437
455 489
402 247
592 808
529 759
502 12
506 67
697 666
14 579
843 527
597 177
672 104
925 634
912 583
674 698
142 380
40 770
204 525
226 53
541 394
579 747
88 14
434 6
606 176
184 545
410 47
196 540
639 264
286 638
10 728
652 287
448 773
657 439
841 210
878 791
865 180
477 134
460 980
889 62
926 981
448 948
233 418
286 436
572 53
554 728
370 765
477 311
323 689
306 261
560 996
139 227
401 385
379 936
471 206
515 348
535 802
516 400
68 639
980 560
316 585
516 818
183 912
906 978
85 809
929 403
91 950
132 670
349 944
802 382
671 359
964 243
785 992
290 478
399 160
807 359
665 314
778 123
427 91
953 247
184 57
919 798
59 628
683 469
906 135
212 898
544 756
160 813
369 89
647 668
686 834
928 147
657 676
925 826
454 594
769 566
351 494
762 579
322 224
697 468
806 150
520 379
284 164
81 924
43 147
113 190
918 441
377 257
599 442
360 593
477 806
227 259
818 674
140 442
804 657
348 565
554 888
539 196
387 83
889 271
320 30
339 810
822 853
108 149
936 440
990 15
670 957
405 268
740 929
542 617
892 868
439 866
629 119
548 964
371 411
874 270
529 857
16 180
110 820
720 920
652 97
102 168
586 237
163 52
617 637
932 169
666 133
831 717
98 963
418 37
170 333
626 641
950 840
303 76
613 389
542 899
745 277
785 674
555 532
799 890
466 961
305 453
107 945
536 327
366 222
612 722
742 853
745 55
29 790
638 778
937 869
129 928
367 240
590 303
65 546
626 837
309 183
195 889
946 892
929 10
731 386
180 388
612 391
800 793
307 827
968 607
769 530
536 771
303 61
647 529
905 114
137 216
17 108
956 523
406 556
148 704
443 659
506 878
255 695
492 43
147 640
35 739
607 51
166 319
994 404
260 816
100 567
981 138
990 88
38 325
755 113
869 837
700 469
439 355
580 867
799 515
199 611
495 568
296 898
540 445
240 941
706 597
780 492
999 248
344 910
101 47
202 340
961 513
429 107
430 828
896 576
934 764
503 737
685 186
451 348
569 865
497 799
847 218
712 887
840 140
737 260
832 560
797 546
157 387
267 207
90 934
845 790
611 248
38 93
539 119
871 966
971 704
219 103
966 160
332 830
52 168
742 808
95 617
977 64
928 396
733 643
129 573
973 148
618 709
359 821
651 782
380 240
235 28
735 430
458 582
773 141
905 29
190 17
137 107
303 338
659 234
111 497
170 485
264 98
322 296
753 84
144 50
612 153
406 712
563 503
625 18
865 739
772 105
461 296
313 644
460 493
887 438
230 927
800 114
507 586
349 103
292 310
536 684
776 251
84 176
583 46
749 322
98 468
80 695
448 139
165 751
505 462
822 797
14 718
967 284
550 268
339 83
73 131
643 11
735 657
594 551
187 391
529 144
456 356
617 623
852 258
396 280
182 265
37 538
279 589
504 479
582 302
720 767
438 86
920 465
573 553
836 173
875 705
695 122
2 709
171 710
558 310
9 83
486 509
648 908
149 259
243 216
724 649
48 410
506 938
358 699
90 813
54 128
789 979
974 465
690 952
363 586
107 790
860 456
254 587
845 28
513 707
545 288
447 192
901 427
116 671
564 993
142 954
39 395
748 527
986 180
859 430
960 519
689 180
57 969
260 234
838 683
621 57
806 85
350 81
373 784
601 53
606 294
457 365
502 303
69 408
363 119
376 341
535 622
16 656
101 823
174 957
611 369
743 345
504 174
123 900
182 140
476 172
595 286
631 548
10 680
562 109
909 792
37 429
314 802
340 754
733 101
131 569
137 948
279 593
854 795
690 280
598 881
747 329
715 951
385 166
404 155
245 556
229 407
429 341
575 348
660 439
733 775
491 676
690 634
529 696
824 696
774 218
405 909
284 626
289 940
402 645
669 321
281 512
391 575
565 784
414 868
532 79
574 710
793 413
798 910
574 849
901 399
152 642
850 553
413 293
967 898
159 833
843 688
524 418
872 128
85 221
344 345
553 619
76 584
507 788
597 227
193 229
530 220
252 576
402 363
807 627
820 309
52 735
701 246
60 226
61 151
45 626
145 420
221 337
866 38
494 991
743 492
583 135
770 800
477 935
6 758
978 703
84 974
533 527
370 655
61 490
101 525
942 77
837 153
876 433
59 9
813 416
300 245
227 815
46 946
215 394
58 451
666 130
775 868
194 643
429 296
983 897
234 128
441 298
443 372
764 528
302 215
842 594
898 448
57 475
261 384
86 639
969 378
112 970
543 304
101 82
798 200
871 562
642 550
195 478
59 546
544 962
410 952
346 58
8 671
940 504
439 764
97 5
262 679
341 246
289 283
347 525
367 582
632 685
212 645
412 71
424 653
423 577
504 699
697 352
420 985
39 689
246 479
587 433
201 718
53 629
666 512
631 936
598 275
636 962
486 729
39 11
421 322
957 112
482 848
669 572
481 843
122 443
522 35
830 760
739 44
49 748
748 426
767 414
40 505
150 98
619 159
488 683
451 545
567 919
474 962
537 672
480 95
392 977
562 53
231 930
14 956
953 656
859 302
684 736
757 438
372 84
279 552
248 90
430 940
34 493
145 972
310 390
584 669
477 495
116 81
300 104
176 934
339 498
582 338
271 537
951 139
590 889
920 357
208 471
300 511
104 648
875 629
163 817
113 590
310 160
936 527
100 348
410 762
12 538
840 107
822 15
647 432
355 614
997 59
940 680
882 365
868 808
651 770
229 786
929 164
787 322
117 849
501 690
867 703
720 126
385 731
549 597
713 831
146 488
755 404
39 375
406 606
812 565
924 159
545 214
284 126
857 164
749 142
342 812
753 75
43 641
619 686
639 675
311 708
657 798
575 756
924 300
429 906
231 258
520 281
787 988
631 829
286 345
49 264
529 6
503 863
895 73
870 245
633 954
351 667
603 798
197 33
111 559
535 153
224 129
172 353
979 19
358 124
22 423
803 174
589 577
634 566
231 676
825 603
988 993
590 853
578 869
443 444
889 604
543 33
699 239
20 823
635 749
913 495
506 939
413 141
694 38
107 888
897 192
603 161
494 72
901 648
120 509
817 425
980 867
765 467
217 677
487 877
293 600
994 823
566 159
882 224
446 9
431 372
440 226
610 883
19 166
759 392
190 925
657 984
34 633
806 251
920 586
356 636
29 434
415 905
511 976
773 787
710 502
307 385
700 696
154 276
139 712
767 368
420 247
259 179
889 482
836 703
156 729
108 194
127 102
738 201
487 414
89 539
515 19
645 668
923 278
961 607
868 852
73 15
850 305
962 919
162 751
119 123
183 71
205 651
922 213
849 203
211 262
478 343
894 9
474 732
811 567
538 997
278 680
24 205
750 584
491 679
738 764
119 619
625 295
67 468
987 135
788 476
972 593
771 646
276 40
812 42
150 705
335 719
323 15
696 627
344 855
953 132
522 147
81 65
873 189
219 479
419 689
792 181
778 456
161 474
569 351
807 71
440 15
249 788
900 843
561 601
910 372
233 568
53 205
56 95
584 498
540 753
743 986
245 25
7 652
618 941
363 534
793 761
347 593
546 92
986 824
695 848
956 720
705 976
139 790
191 593
393 490
514 758
350 50
189 80
818 28
190 667
943 443
670 641
491 392
130 382
650 197
744 248
47 487
620 491
782 878
343 780
397 180
40 143
719 465
166 499
829 145
83 307
503 575
503 662
89 710
734 246
682 873
103 29
948 688
365 802
849 681
61 489
562 14
178 263
896 614
14 929
128 528
609 233
828 333
129 594
72 877
58 448
262 318
559 700
376 227
835 505
395 411
241 667
497 625
349 752
152 180
722 253
850 966
384 433
885 704
582 975
871 557
148 771
238 410
593 249
513 984
580 219
565 996
560 300
228 394
233 532
859 376
845 261
649 490
958 124
906 411
357 545
363 498
346 716
75 390
477 614
8 77
288 205
291 766
364 984
39 688
759 225
874 797
856 256
840 901
476 593
717 557
663 594
209 862
856 431
655 331
93 472
535 992
724 366
616 559
139 528
914 322
75 962
866 971
762 136
230 674
14 611
553 147
663 50
595 360
216 281
390 562
581 325
32 654
144 72
510 29
118 710
727 748
893 708
306 500
935 803
116 35
244 24
931 72
537 449
928 962
780 163
326 669
951 138
577 881
816 151
483 559
603 366
751 158
499 251
395 497
727 129
584 401
603 415
346 108
733 528
242 13
833 662
206 656
868 352
526 140
51 721
967 551
548 667
812 835
740 227
359 823
566 291
310 749
374 116
542 456
90 395
186 934
178 982
40 523
351 177
815 358
160 420
217 181
625 16
557 919
669 765
433 637
344 48
865 594
773 847
260 790
291 551
398 956
851 418
16 321
2 236
540 364
853 723
890 981
540 387
63 157
395 884
474 935
880 878
664 651
903 468
745 544
145 443
871 32
819 765
567 875
846 294
757 393
337 310
739 645
684 340
978 57
906 682
599 555
654 355
607 792
495 18
354 898
546 260
140 629
180 570
897 86
557 132
106 659
372 510
745 124
968 221
369 336
557 277
872 377
444 946
945 755
711 736
983 31
416 271
147 145
258 778
134 377
820 872
90 77
509 517
241 239
101 105
522 990
427 286
644 461
631 303
27 453
483 7
122 973
69 834
364 770
806 361
630 621
665 927
123 493
890 313
178 845
970 497
627 986
520 416
269 243
507 616
900 427
122 385
268 301
127 144
700 296
259 178
98 502
830 959
762 81
782 770
587 166
1 543
255 60
827 919
683 715
135 940
545 686
912 247
936 253
700 14
378 530
778 187
819 680
783 781
861 61
793 773
776 725
597 611
783 946
400 697
601 222
724 122
214 51
724 164
476 107
414 430
35 477
93 885
756 43
439 873
847 156
231 677
176 111
487 605
626 747
657 114
257 482
944 100
29 670
196 241
569 633
290 106
972 594
383 877
132 665
115 451
632 215
940 240
673 939
223 617
314 471
579 449
673 772
713 523
660 6
642 537
540 556
958 871
646 321
281 695
446 91
673 245
820 844
950 731
242 164
631 386
673 102
950 586
990 551
477 335
781 760
401 244
57 890
846 698
958 464
622 925
222 495
23 266
481 695
703 356
143 827
993 319
105 791
986 936
109 839
277 651
479 341
433 389
394 901
199 858
917 859
296 139
465 884
890 63
359 400
32 37
348 679
205 874
41 217
633 791
16 99
398 743
735 858
684 984
559 488
802 655
799 104
290 997
679 771
3 290
616 865
268 134
256 715
979 970
819 565
658 653
720 810
183 170
665 223
153 499
851 132
737 241
802 960
362 987
36 408
864 9
709 778
21 44
655 685
175 823
363 117
516 785
976 994
224 775
206 923
558 364
119 590
409 699
907 404
451 16
42 767
996 380
264 525
318 320
673 951
450 328
501 811
800 574
128 379
256 288
755 156
574 252
760 518
319 975
656 961
87 355
973 382
721 237
860 84
470 472
203 255
243 718
137 221
390 607
964 662
969 772
696 76
569 194
91 514
554 406
39 290
646 462
939 336
377 689
692 56
19 334
369 821
44 991
80 416
91 502
361 869
602 301
342 992
537 810
956 868
173 526
501 129
912 386
416 721
256 906
313 847
631 859
501 50
429 229
434 973
861 978
620 95
912 160
788 883
109 734
754 789
224 264
97 254
850 468
984 904
965 933
947 422
454 100
895 36
113 712
296 788
244 234
935 277
46 416
619 46
433 109
788 71
20 682
224 965
261 704
941 94
223 882
828 688
116 194
758 689
318 514
500 673
138 492
121 556
711 985
367 51
225 606
444 824
391 867
418 223
220 727
96 493
404 414
426 306
834 599
651 951
881 707
768 73
881 720
256 157
380 900
546 50
181 93
661 355
635 926
392 220
513 852
453 773
958 142
817 766
368 346
705 893
860 398
520 92
863 388
995 20
498 548
191 539
472 119
938 320
38 442
132 415
79 602
406 702
411 20
431 217
398 786
256 281
209 953
230 621
451 848
499 636
300 635
501 22
252 872
770 887
576 138
478 510
664 491
486 805
880 784
420 435
903 582
799 369
620 210
183 972
106 859
991 949
68 284
771 795
62 938
157 578
304 186
571 220
898 356
239 314
167 553
168 601
25 240
709 566
817 224
710 641
586 947
15 20
647 240
888 183
727 326
323 900
784 402
381 134
76 628
793 356
263 376
394 249
967 740
930 431
91 17
313 15
471 362
973 36
225 836
402 20
281 730
431 712
214 200
385 692
315 823
601 638
273 683
627 270
21 905
279 528
360 859
507 156
751 881
97 664
133 208
900 922
29 287
1 161
454 788
682 59
132 24
540 909
959 981
178 218
35 906
657 879
89 93
863 9
442 823
560 912
815 91
288 468
731 824
291 919
878 569
818 578
72 435
645 504
546 899
49 729
303 804
948 559
842 22
202 393
40 36
904 653
10 708
84 949
104 625
790 137
261 981
102 305
527 666
384 416
135 845
926 616
103 217
127 727
116 100
686 168
376 201
598 884
215 336
384 206
349 746
187 243
817 152
174 495
163 890
242 737
314 52
91 460
107 870
901 746
741 491
466 763
217 647
273 629
574 709
830 339
464 472
392 261
247 487
584 313
34 838
329 942
169 949
132 335
392 148
278 443
69 916
215 762
200 689
773 194
776 907
830 397
691 585
854 23
15 131
203 163
296 479
114 378
761 653
230 888
411 958
711 267
35 890
97 533
361 189
636 842
929 686
53 542
806 116
293 15
84 132
726 831
152 27
394 898
758 767
473 907
387 87
947 175
149 561
247 766
766 602
503 656
715 264
793 710
461 592
801 807
969 389
736 392
991 636
671 882
480 151
567 829
680 223
32 896
281 52
780 42
563 650
987 598
310 441
901 778
962 872
31 497
552 993
291 348
718 341
632 22
261 636
245 525
585 416
971 843
399 482
889 701
58 32
723 302
565 607
825 770
115 478
722 138
923 208
686 529
284 593
324 690
789 776
422 739
371 761
137 401
191 34
263 465
581 598
103 790
416 328
15 336
678 560
509 603
717 22
424 963
674 203
108 531
18 295
915 207
823 443
833 426
198 548
238 869
419 909
648 833
830 425
479 5
485 692
769 903
221 974
352 771
132 65
843 959
921 857
577 207
320 336
339 748
378 308
457 345
203 429
79 758
795 161
246 77
491 118
574 287
207 338
603 79
669 569
455 608
629 309
973 995
408 721
500 383
687 213
984 388
179 930
608 624
40 508
148 608
559 399
248 383
983 723
123 833
932 51
952 490
724 189
5 207
693 810
488 758
897 240
735 607
884 955
617 512
926 672
380 618
132 941
993 773
867 828
228 566
727 460
606 603
554 335
936 611
632 50
885 384
656 354
248 241
589 444
718 32
116 882
669 484
745 134
886 616
256 239
521 565
902 106
85 839
251 842
893 247
228 322
517 577
280 276
688 177
447 168
911 377
433 814
492 583
682 915
185 409
81 280
737 51
873 772
947 525
740 124
43 996
485 583
92 415
234 857
740 451
467 609
104 357
268 598
929 884
269 491
652 812
511 825
113 378
114 533
835 527
352 895
400 260
58 864
791 840
60 310
903 786
245 254
636 993
69 416
822 870
531 375
236 407
277 563
593 978
908 891
288 568
348 872
117 37
503 856
987 835
325 104
370 835
757 117
336 831
105 653
942 25
947 389
966 483
163 402
182 402
594 946
991 948
371 343
614 433
980 315
908 40
432 497
126 239
407 628
768 688
235 405
788 741
76 663
963 389
297 890
409 848
33 716
180 917
237 676
572 739
441 359
738 727
299 605
290 68
183 435
205 87
522 363
550 253
103 632
604 163
536 387
555 481
114 147
756 358
171 472
686 585
925 239
458 173
485 264
177 591
752 785
270 476
56 872
509 658
702 483
155 620
570 688
152 682
928 283
547 611
894 910
791 792
630 752
890 613
427 417
902 261
259 760
783 181
511 844
117 709
230 812
265 696
166 232
903 993
503 617
23 454
687 943
784 646
657 136
72 696
89 382
677 69
952 956
934 892
991 357
683 700
339 898
771 933
987 830
515 903
538 300
188 229
302 133
892 861
787 731
628 683
793 666
151 320
779 667
911 387
89 905
219 630
997 555
429 431
569 812
641 719
202 763
650 535
45 95
908 419
12 360
414 428
36 358
538 992
595 241
651 131
283 775
582 409
270 751
260 921
868 574
289 823
966 907
200 246
812 37
392 552
870 375
690 969
51 877
379 328
330 184
33 443
916 490
142 413
155 584
623 123
229 952
844 203
937 447
275 192
494 308
868 193
265 506
910 490
859 398
361 518
743 804
691 761
752 505
772 414
204 840
194 338
691 196
640 568
626 369
687 978
786 954
127 289
93 497
22 951
144 833
861 972
771 508
741 177
79 819
376 298
636 664
306 237
126 506
456 706
79 928
753 328
909 167
72 946
879 905
348 967
442 268
288 846
372 124
93 18
16 824
571 150
349 348
666 142
25 62
797 936
693 759
931 62
785 841
664 995
777 644
29 719
945 974
819 981
841 781
897 99
111 951
298 752
633 435
941 282
279 855
581 819
125 215
56 962
103 640
16 644
938 540
852 288
574 742
422 371
100 105
906 164
485 465
379 178
161 507
209 999
147 56
497 3
6 269
476 927
113 115
664 381
631 273
228 260
818 365
61 789
94 357
51 178
14 42
571 955
260 644
515 656
421 509
44 872
26 495
377 401
584 865
342 593
352 721
444 33
134 941
339 973
921 491
763 434
515 991
349 928
297 466
641 533
201 14
534 216
741 908
903 493
483 916
727 745
432 470
417 614
757 616
534 75
148 498
274 853
349 747
728 680
513 460
665 185
558 428
281 128
85 906
605 841
529 602
162 389
8 867
742 8
409 740
621 857
824 645
474 258
976 960
833 841
237 993
148 54
242 953
833 762
315 591
847 811
390 159
893 246
727 115
983 485
752 837
824 338
994 926
868 955
464 417
545 392
858 113
416 196
181 972
57 214
479 235
27 110
626 68
293 275
699 752
479 120
352 809
15 250
437 532
665 817
892 374
490 978
825 443
19 364
334 867
118 202
264 325
537 813
705 14
409 505
239 61
221 356
287 673
833 828
322 745
788 506
550 257
700 502
539 48
45 638
904 659
335 413
706 515
487 118
659 581
571 387
225 41
213 738
804 27
453 179
723 173
174 247
369 345
344 542
550 626
183 127
993 183
611 608
561 395
232 543
283 909
978 607
510 286
662 139
832 738
818 397
603 673
182 44
457 611
21 98
115 123
206 934
962 704
547 38
354 880
63 840
214 492
307 698
215 29
388 985
595 931
963 71
211 938
450 142
896 28
971 624
989 743
578 690
981 567
765 320
921 876
824 366
241 236
938 282
425 485
544 637
738 917
446 13
309 80
40 716
238 975
681 415
351 496
389 461
30 735
915 119
726 494
424 698
367 634
117 595
178 5
179 432
644 238
190 784
374 221
427 237
636 389
959 548
527 800
565 413
536 653
225 900
188 384
154 272
670 824
519 801
187 728
98 501
67 894
249 7
505 493
396 68
387 544
394 411
941 929
120 899
139 315
858 945
510 88
214 844
913 746
793 955
757 362
337 279
382 233
788 762
663 714
995 623
98 936
284 937
448 711
430 603
253 12
419 454
189 996
867 964
561 145
187 352
410 655
237 95
508 190
647 723
184 21
100 272
786 649
134 627
742 818
670 47
195 461
267 1000
566 204
952 336
492 633
73 937
590 198
294 259
584 315
803 539
574 858
890 535
835 138
88 517
565 61
90 479
972 17
683 78
984 614
942 841
411 771
854 21
144 646
397 748
859 385
181 693
809 756
208 765
201 348
809 773
475 365
541 326
764 369
21 169
307 112
362 931
7 705
899 788
57 601
166 277
630 366
351 795
441 539
709 629
106 730
198 250
625 174
973 876
47 483
875 290
417 910
494 992
481 7
412 595
549 62
399 955
970 69
704 57
813 761
215 463
944 616
727 855
291 147
455 924
121 330
895 402
435 656
55 203
679 909
280 719
337 482
373 870
597 516
31 98
713 31
144 270
951 13
111 720
646 581
480 406
978 109
547 128
271 512
770 353
419 277
51 938
15 527
825 663
612 585
149 213
353 634
444 791
319 133
391 888
730 540
728 538
90 895
96 452
315 546
851 596
923 931
866 297
717 387
594 334
647 472
764 866
858 235
250 25
454 662
846 840
858 154
933 588
956 832
517 781
873 959
6 209
539 634
851 468
187 836
919 399
995 253
53 677
996 388
648 161
334 772
845 819
389 973
35 745
9 764
457 351
477 772
543 180
579 361
947 28
855 703
895 882
153 105
402 475
187 659
424 63
226 247
482 877
840 871
896 905
681 89
993 351
907 464
406 98
616 674
301 376
653 995
206 399
740 835
62 851
727 891
193 512
182 436
724 191
549 308
842 270
720 890
771 774
610 290
918 235
315 386
478 690
120 42
373 440
805 619
7 473
708 378
448 656
470 605
897 317
769 234
129 671
387 815
814 650
7 883
969 335
576 834
573 737
651 91
160 542
750 759
197 541
729 257
602 561
306 903
937 843
519 241
688 179
980 918
146 707
699 533
60 797
703 997
856 932
693 63
40 721
727 896
129 672
60 652
874 436
372 858
546 57
87 497
769 624
627 676
422 126
892 256
967 214
345 67
240 359
256 732
521 64
761 587
463 535
359 614
600 956
588 920
576 624
995 102
189 35
463 900
459 805
5 721
944 835
743 589
412 757
911 733
625 374
654 468
227 686
65 287
448 129
925 945
984 499
88 168
469 629
15 496
554 973
726 310
611 820
813 688
636 705
403 357
70 155
862 391
278 52
67 931
709 496
250 503
508 727
827 877
98 675
766 370
366 604
775 794
851 208
689 221
909 976
989 290
242 617
842 194
300 73
124 645
215 318
471 144
633 20
353 561
858 542
417 220
609 352
538 684
817 763
86 696
967 737
451 443
51 844
833 709
996 311
565 774
789 846
848 262
974 330
461 269
497 121
324 938
143 118
221 786
313 351
705 685
680 410
66 97
566 434
971 302
701 737
69 735
450 883
532 501
367 746
523 730
329 699
212 297
808 464
660 529
574 251
353 469
800 148
288 376
94 92
922 747
409 468
49 589
981 332
550 467
204 667
387 397
249 6
269 977
59 261
494 948
852 78
131 984
547 392
468 842
173 134
24 283
405 467
922 175
482 742
914 946
701 513
372 137
444 558
873 356
410 490
250 749
716 790
418 945
979 200
975 343
447 315
907 31
875 675
569 524
915 760
770 269
480 745
79 435
615 349
928 893
894 492
849 157
498 453
51 879
214 265
967 709
966 792
769 508
698 458
748 847
422 762
754 405
57 910
858 276
125 787
255 836
76 377
400 297
337 867
30 286
802 495
593 716
717 192
670 206
263 652
692 258
935 416
299 696
857 374
19 201
387 863
425 226
209 587
892 328
450 855
130 601
117 679
998 932
964 860
549 842
327 140
934 188
717 516
297 73
887 372
501 169
895 857
880 494
329 376
482 838
235 898
225 648
64 106
729 360
589 960
588 533
776 407
893 649
559 500
508 918
109 647
23 827
615 957
391 183
728 863
638 486
268 130
610 287
109 896
434 617
382 435
901 887
448 693
72 225
715 841
976 811
372 284
284 910
662 291
828 543
98 828
854 539
733 918
517 729
662 402
591 488
224 650
868 675
172 874
998 474
656 551
758 72
698 494
648 663
828 893
685 676
671 465
507 394
53 10
570 164
847 376
367 878
977 238
299 390
483 357
195 313
486 783
223 367
61 640
977 895
320 518
981 863
29 162
161 362
164 671
717 885
556 693
960 982
152 531
319 681
70 609
273 769
956 514
4 119
834 162
411 927
32 104
605 869
66 843
144 897
628 809
595 711
39 572
558 532
245 231
31 636
435 307
734 437
700 381
84 990
670 881
527 904
143 915
719 432
403 830
733 305
135 611
753 638
170 878
704 78
782 617
126 359
823 263
515 110
274 960
280 701
512 246
173 206
176 894
622 26
40 285
774 600
850 242
343 339
849 426
97 333
468 455
943 764
124 610
234 238
987 292
181 485
560 818
599 755
410 597
351 389
656 357
509 937
368 771
719 778
779 97
676 767
471 493
681 839
3 879
498 13
779 254
599 423
416 504
570 201
533 451
340 732
826 608
393 24
232 112
113 56
826 302
973 141
80 68
22 399
234 821
75 379
129 679
792 353
393 250
639 843
52 89
652 576
458 464
683 137
740 462
78 749
276 177
389 782
661 690
652 815
584 929
14 4
353 456
157 583
131 574
340 178
711 93
867 163
65 365
563 154
946 302
416 753
183 693
187 702
469 929
334 515
26 719
948 599
92 60
120 762
227 574
838 2
732 513
895 119
770 226
212 758
500 205
945 328
653 151
785 295
434 719
509 265
805 812
129 283
19 923
942 143
862 557
992 156
702 987
539 416
73 375
864 70
992 11
974 143
442 36
262 251
324 64
107 601
756 67
831 403
216 932
766 188
770 337
238 373
76 624
628 133
461 42
745 103
229 94
671 139
765 124
582 594
399 340
256 206
756 353
561 853
103 714
489 690
487 875
736 44
211 357
811 141
356 38
764 171
581 555
750 498
163 670
627 357
954 767
205 940
1000 566
123 130
81 153
593 486
679 483
407 444
941 804
762 906
167 885
223 471
94 400
477 568
591 996
189 797
565 249
514 893
735 169
421 81
596 545
354 148
173 688
194 333
415 631
52 851
36 142
109 862
535 646
238 514
478 45
460 520
620 366
399 315
52 706
808 352
832 943
971 744
412 730
74 489
956 927
465 924
31 965
596 229
197 355
505 348
474 789
880 816
943 32
443 18
158 619
801 904
969 126
823 335
971 768
55 225
572 973
519 598
847 69
371 308
867 667
746 872
846 263
386 481
931 7
932 340
440 618
37 648
422 910
810 904
653 494
361 40
1 79
862 956
43 468
461 125
651 21
375 539
655 709
693 434
569 636
988 882
661 84
917 186
976 906
370 185
279 957
137 797
417 104
38 600
938 474
441 98
