874
696 365
528 235
607 77
8 217
493 536
427 331
863 337
423 550
108 49
421 88
811 564
566 304
24 627
840 706
188 402
105 873
45 62
97 226
859 550
114 414
51 43
701 209
164 8
165 93
24 75
71 196
137 618
651 853
175 224
12 791
149 658
822 805
569 147
620 419
159 365
441 747
24 383
156 243
383 510
279 416
412 25
854 538
631 112
683 91
95 513
125 443
857 404
17 111
726 329
172 708
781 304
214 44
722 768
406 39
492 680
341 441
74 88
632 676
469 213
202 277
789 358
268 235
77 92
92 754
6 32
400 71
604 184
570 126
153 269
121 694
88 128
743 10
776 512
30 29
294 20
374 503
470 430
186 136
508 22
6 7
289 728
756 784
515 168
785 438
103 172
275 281
111 384
67 307
74 150
38 713
198 135
118 24
32 285
441 654
127 67
651 320
248 609
176 128
208 282
34 81
849 787
8 5
219 410
391 276
757 740
30 50
749 452
377 194
597 684
86 824
62 221
76 116
103 85
464 138
780 449
444 46
302 514
52 119
625 861
203 419
758 567
223 37
144 67
200 647
202 497
301 775
687 279
83 518
603 605
542 819
314 327
15 7
686 159
210 259
81 177
300 634
741 836
374 340
239 139
284 319
219 5
147 341
797 242
831 488
450 602
648 421
664 58
134 120
145 154
49 48
346 641
134 227
19 151
825 439
167 58
677 634
159 173
266 544
758 823
344 246
78 185
215 80
28 29
335 600
702 181
442 577
484 152
616 638
215 325
259 298
475 84
430 297
528 835
27 346
320 226
535 812
223 300
252 382
61 830
852 524
763 209
367 388
626 18
303 182
48 28
51 476
756 751
144 163
361 737
420 407
457 154
46 184
4 12
501 546
40 65
360 343
379 327
659 104
190 364
765 167
481 464
136 102
176 426
201 310
796 290
833 702
195 547
46 428
18 5
350 611
759 546
196 234
209 231
21 157
9 27
679 293
367 252
867 427
718 107
93 47
688 399
137 349
460 21
559 731
467 478
75 519
126 837
210 493
828 522
91 61
745 806
375 387
116 841
180 397
204 316
423 58
520 334
81 143
489 178
65 99
842 751
27 28
132 205
475 777
179 61
5 3
511 275
95 38
769 574
10 130
36 21
22 189
25 83
866 386
357 456
179 258
294 767
98 37
314 753
146 229
59 131
26 60
516 599
280 692
89 117
429 230
441 871
260 101
148 216
546 661
488 549
212 273
813 83
79 42
654 832
249 480
11 6
78 89
788 712
874 704
415 60
526 49
39 149
440 128
810 59
472 201
177 201
87 31
348 332
289 355
359 140
123 643
120 706
186 532
532 598
279 253
253 15
709 206
858 2
106 159
595 81
354 479
276 449
393 317
224 247
779 807
337 417
33 586
61 100
190 447
236 138
371 118
764 688
488 165
571 219
399 312
477 313
66 63
619 358
620 801
313 208
405 448
523 210
255 156
97 137
299 152
168 98
583 25
357 865
74 594
473 816
40 96
587 37
760 502
135 54
20 64
673 128
827 819
661 716
637 334
1 61
61 504
70 40
31 145
110 99
17 8
386 89
164 707
18 548
45 122
21 3
394 597
324 237
505 720
143 238
295 452
295 46
31 322
284 226
132 315
38 56
493 623
235 266
146 628
101 28
261 214
247 559
1 2
474 650
85 774
335 614
317 239
302 390
41 72
240 159
690 243
47 15
185 471
409 712
608 519
270 94
401 286
75 424
138 90
541 471
84 105
232 736
15 289
669 595
12 869
142 17
211 153
114 75
202 156
527 326
169 46
170 730
588 660
51 436
770 91
326 173
499 76
62 82
473 616
846 23
252 691
9 34
11 26
193 207
204 286
445 565
585 293
404 264
787 98
723 84
534 373
15 230
29 329
357 51
6 485
14 123
242 196
271 413
213 492
613 589
224 287
160 50
40 175
7 13
152 40
44 409
592 239
501 375
318 111
516 772
167 356
418 29
76 61
125 120
95 180
725 381
41 14
489 588
354 161
204 283
205 321
133 129
259 644
124 314
21 220
73 655
34 190
535 820
629 521
263 177
269 632
489 803
499 838
208 203
214 305
191 710
551 99
270 490
556 506
278 455
78 59
71 56
149 193
277 818
12 31
704 541
740 23
141 335
560 114
152 719
645 672
645 23
4 9
394 582
670 634
435 370
255 433
81 815
649 403
660 783
194 10
80 3
212 336
16 366
732 141
798 517
178 35
228 81
292 263
130 538
106 158
254 243
561 540
563 263
33 2
233 86
646 286
682 387
241 192
398 195
345 454
136 306
212 773
475 761
112 49
657 76
5 290
405 276
12 19
466 410
209 117
175 274
739 630
671 562
107 381
407 225
483 529
222 38
151 195
157 232
302 437
411 66
213 603
22 45
744 245
115 46
512 84
246 44
745 55
71 741
111 376
809 136
178 182
257 47
507 482
244 34
844 686
435 505
494 416
46 29
143 872
9 308
52 2
167 370
431 90
532 642
558 486
610 273
184 369
2 210
304 120
183 182
656 6
2 3
107 37
794 767
593 196
411 800
148 291
73 20
663 333
486 289
624 130
553 230
310 339
260 483
109 378
357 868
375 344
135 385
285 309
45 262
348 799
47 826
153 35
7 10
133 323
575 475
516 275
542 188
24 5
29 851
302 8
45 121
567 343
58 213
218 114
230 502
237 573
422 748
219 293
59 31
870 29
408 370
44 4
814 856
51 468
681 207
380 491
666 636
545 241
445 34
102 60
255 256
557 33
234 668
250 219
563 779
204 124
271 345
53 69
601 149
122 174
337 50
25 762
29 640
358 348
120 18
300 615
35 533
406 473
120 363
729 91
462 199
62 621
365 439
57 109
333 88
545 782
450 321
422 23
350 579
151 372
675 318
438 396
102 467
742 178
312 786
715 508
156 126
276 79
386 509
6 395
252 185
33 665
72 350
191 105
275 735
451 50
625 64
4 68
5 40
342 288
162 150
84 60
633 52
100 206
530 58
474 535
617 448
403 327
639 674
240 380
157 203
222 271
724 192
1 4
288 80
662 442
802 126
554 84
359 434
216 225
38 332
309 453
58 27
568 343
606 230
738 426
524 26
179 188
555 212
35 27
212 170
515 525
42 5
5 20
323 564
66 132
59 187
48 192
394 156
639 301
458 176
580 322
296 20
44 55
84 733
166 170
465 652
698 594
596 298
292 432
678 621
711 96
350 584
351 227
330 189
531 314
223 328
24 38
147 55
717 414
38 104
224 280
155 7
316 389
755 131
801 817
347 251
386 612
140 10
14 5
129 2
421 751
446 369
479 805
620 845
42 272
362 246
264 180
517 727
572 382
113 27
21 237
766 641
24 235
45 171
703 166
136 705
311 115
209 463
86 22
265 804
336 829
65 141
200 190
255 459
159 312
19 77
166 26
834 443
4 146
226 795
1 6
496 498
22 15
793 527
114 278
334 496
14 693
262 301
344 543
237 500
862 489
94 25
152 506
695 637
4 181
114 685
734 206
341 392
53 22
719 746
61 487
535 622
340 203
54 43
207 251
103 106
223 636
338 158
257 790
820 821
8 16
10 700
33 199
361 6
855 365
246 750
730 843
37 32
14 139
167 589
90 2
576 300
714 612
448 482
35 495
62 97
850 397
193 331
205 249
117 368
552 359
431 808
143 248
495 839
17 43
460 562
38 425
114 373
20 85
105 578
522 263
74 19
136 778
126 56
517 864
148 117
196 352
516 540
792 404
25 13
436 465
653 180
699 241
67 40
847 288
220 574
215 334
197 196
517 316
667 533
