943 1099
292 669
879 140
395 341
363 420
805 144
364 770
859 792
72 661
488 618
167 132
396 671
572 564
320 517
627 261
544 514
422 421
10 581
589 151
136 279
523 517
500 49
412 92
530 653
848 901
188 794
426 366
126 529
638 912
540 668
287 246
749 191
868 929
161 865
441 220
655 48
608 635
424 664
748 289
108 779
128 153
750 868
677 524
892 450
863 525
875 347
301 105
92 91
493 502
942 482
159 224
541 868
94 754
501 142
813 486
254 410
617 78
341 309
437 256
195 528
117 796
927 297
805 788
463 651
45 487
38 791
247 559
5 214
661 915
163 612
517 40
369 850
445 305
607 797
84 340
844 47
596 138
178 541
577 892
803 103
867 634
367 428
686 304
687 162
147 285
710 444
456 683
55 631
290 1
196 368
377 32
262 823
15 935
150 934
912 537
461 852
382 743
800 321
407 830
89 881
124 651
246 244
638 680
781 313
901 242
554 12
677 248
856 855
172 29
705 104
367 104
715 152
701 121
294 561
578 590
594 564
15 407
888 370
151 195
495 276
386 114
635 172
429 880
207 838
851 76
242 361
61 803
314 720
395 902
881 633
904 345
655 781
196 483
61 200
615 609
602 768
202 269
708 612
900 497
330 463
233 125
296 691
761 827
675 157
767 212
45 159
138 259
590 413
700 473
341 373
896 244
443 389
624 732
432 489
382 881
59 529
771 300
247 623
616 368
684 871
39 201
571 576
224 534
543 547
88 50
165 464
270 606
319 740
552 555
235 745
298 894
10 59
891 107
297 868
635 8
764 49
581 535
533 786
456 90
920 903
91 910
664 764
636 797
657 896
790 815
715 864
317 898
431 538
506 64
635 936
193 747
308 270
550 773
275 597
97 578
715 682
622 490
35 524
327 570
805 332
38 214
127 369
507 138
539 513
415 853
229 859
337 13
710 901
227 869
366 875
818 875
272 752
671 811
677 825
300 429
148 706
766 866
672 555
735 572
569 283
923 598
847 82
632 236
218 257
756 687
751 581
542 621
2 556
558 715
943 187
300 916
619 555
630 612
920 412
158 404
466 622
569 743
214 708
224 715
363 833
404 45
444 411
64 804
795 936
29 153
583 726
672 239
776 815
105 296
542 341
400 118
435 176
318 169
628 660
542 766
140 198
598 142
197 846
846 587
373 319
612 376
604 250
697 387
908 694
233 717
357 743
875 420
940 43
172 410
279 662
908 381
114 221
485 495
481 690
81 428
552 60
611 912
640 222
293 247
422 591
706 932
564 400
490 616
456 131
873 910
51 679
830 334
269 78
285 927
428 550
856 50
258 919
515 512
835 658
791 661
364 234
548 159
448 156
219 771
86 904
3 79
293 703
604 241
476 190
302 668
416 505
152 646
273 663
688 226
678 3
219 359
618 309
732 468
673 668
856 364
854 203
265 686
86 289
290 170
865 286
421 732
432 748
537 163
481 761
857 352
30 494
290 927
583 589
39 839
489 444
928 368
883 108
305 857
280 65
806 908
53 492
716 156
150 383
484 830
305 644
769 767
916 205
563 31
399 785
818 716
439 156
223 211
143 589
664 876
3 523
157 587
247 564
63 86
147 233
627 771
642 249
528 425
299 665
494 919
411 93
282 594
578 880
162 285
35 25
134 263
438 525
271 35
240 232
426 211
610 237
468 139
14 283
83 546
555 884
553 149
127 628
431 712
336 12
19 43
304 76
932 477
188 511
218 123
722 137
13 569
775 557
404 748
24 527
273 159
555 503
114 294
108 491
683 437
378 624
662 298
665 502
583 183
252 696
756 829
649 27
55 528
435 518
646 820
180 757
418 190
448 333
194 429
794 873
723 559
366 97
73 107
352 325
753 845
33 545
848 615
726 350
219 943
145 264
496 816
345 766
743 858
680 12
911 404
66 693
593 823
890 131
871 423
175 97
124 130
241 291
482 483
740 195
40 828
197 758
639 739
422 497
396 649
499 584
473 432
707 491
850 241
168 915
821 600
756 531
437 203
677 1
771 923
879 373
437 473
191 806
314 219
26 273
176 95
372 419
802 424
231 151
462 344
184 342
209 245
337 503
202 820
814 654
164 344
783 595
378 429
181 71
196 896
138 328
105 641
546 809
650 266
503 790
17 423
92 943
112 28
578 663
23 445
937 68
692 200
630 203
728 246
31 629
83 171
303 39
734 635
667 282
577 707
135 815
94 782
253 126
60 938
173 420
802 350
518 21
622 216
225 517
229 722
817 249
213 267
332 311
912 14
618 477
911 410
253 827
699 672
716 578
886 610
244 217
541 212
83 305
177 53
625 765
534 920
521 796
788 565
152 707
661 48
823 96
495 548
183 550
461 927
213 109
88 191
77 108
889 555
414 876
737 941
886 497
706 46
331 448
301 60
760 824
441 929
18 789
289 555
600 629
570 626
86 734
707 674
112 280
239 759
280 614
885 412
215 637
3 811
275 389
236 799
417 659
305 283
702 401
63 311
445 262
362 837
237 599
322 627
37 256
184 391
111 377
382 931
203 578
540 245
347 232
445 204
142 202
717 464
574 837
186 522
89 34
750 169
105 467
448 34
847 332
773 617
794 309
418 755
29 520
93 351
615 382
533 136
275 632
887 14
68 843
206 533
634 490
290 579
333 107
551 532
552 654
321 472
574 514
106 189
255 211
36 275
288 180
165 934
236 154
25 921
106 537
213 803
632 462
120 824
71 656
830 496
126 453
172 643
466 202
926 316
294 132
165 351
144 133
42 721
316 655
771 351
170 555
74 750
701 2
617 305
670 197
828 775
301 191
230 228
820 919
747 62
901 134
537 517
531 282
216 357
832 892
672 547
38 27
237 797
763 261
172 458
878 718
911 417
161 286
699 643
314 178
89 10
174 92
724 676
660 67
629 822
844 295
275 113
530 356
426 889
852 487
856 632
753 567
286 831
15 337
411 540
319 527
276 791
379 12
566 634
315 844
435 347
361 92
487 516
724 700
817 374
852 779
397 482
121 36
63 384
896 802
100 53
531 265
342 877
427 385
737 581
12 282
200 728
526 594
805 117
725 861
605 321
355 73
183 544
602 458
101 374
545 768
205 746
315 605
30 833
854 674
119 892
188 893
776 35
879 874
612 365
217 352
93 403
610 684
80 623
673 544
922 134
403 651
272 903
839 9
57 631
10 776
66 877
885 263
411 475
712 887
2 586
775 222
735 698
507 359
260 151
37 74
359 31
729 936
687 751
381 528
528 641
923 346
418 230
942 702
767 253
304 259
628 826
912 762
274 61
830 874
751 39
71 810
140 778
625 624
377 9
560 170
715 253
383 381
610 105
684 800
674 712
854 625
923 914
788 929
787 923
922 617
199 87
138 147
784 165
534 346
825 685
838 786
471 863
293 427
41 386
205 343
33 775
242 482
929 804
720 860
790 403
666 402
582 834
253 45
496 15
489 242
741 124
584 432
903 386
35 131
643 536
568 333
234 293
91 795
880 767
340 867
521 661
671 517
74 641
889 519
312 313
237 41
117 741
936 583
277 875
200 689
304 910
98 709
151 333
187 210
638 108
787 690
934 114
675 528
646 269
581 459
192 883
362 154
618 716
762 415
419 287
354 205
6 562
294 268
711 700
74 480
304 370
346 212
655 368
777 684
547 781
265 2
807 923
432 232
738 811
225 273
82 711
518 788
382 927
849 557
131 762
92 440
729 73
328 580
40 229
306 558
104 621
672 847
390 75
32 344
582 575
69 4
859 838
746 629
940 900
931 508
661 378
142 227
893 633
793 889
885 306
203 775
268 532
421 554
600 210
827 238
626 560
164 18
781 676
706 717
87 393
419 808
247 501
484 921
660 115
426 288
249 105
36 768
162 71
250 411
691 401
506 887
154 768
158 489
227 637
781 218
191 113
14 763
585 626
254 554
417 806
68 483
39 721
206 212
458 189
857 822
84 462
346 760
293 479
390 221
914 432
579 440
687 793
598 495
695 878
922 671
611 306
143 381
164 331
901 342
866 867
627 298
900 330
95 517
925 562
158 672
897 108
806 102
467 548
593 619
297 182
43 623
407 725
191 911
56 409
92 788
450 899
239 201
361 626
780 892
157 772
890 340
1 267
189 754
428 846
574 206
776 1
230 348
634 449
326 774
54 558
277 638
713 395
250 644
601 660
902 150
907 824
175 846
557 255
485 61
912 44
469 270
79 616
259 545
507 340
252 597
115 359
170 80
604 904
620 421
309 326
238 559
409 193
83 406
408 812
129 860
665 328
918 554
647 208
469 653
865 1
422 302
437 298
138 292
879 67
260 616
138 85
465 244
622 410
543 760
761 1
860 832
877 233
559 709
66 68
9 327
99 815
94 513
493 599
204 301
773 269
311 905
558 859
445 465
313 763
264 465
357 929
492 489
558 41
676 43
305 649
67 313
818 602
584 645
774 449
665 787
360 129
769 819
272 885
577 474
533 747
4 418
151 774
79 293
733 474
360 922
609 834
709 385
88 176
580 435
49 618
389 935
98 308
322 814
597 734
677 793
32 304
765 290
115 323
189 728
423 593
715 24
341 177
420 703
110 74
200 923
919 370
645 325
105 416
181 559
781 674
60 494
327 408
827 531
455 690
757 739
146 647
611 639
315 593
652 849
27 939
913 87
788 399
647 648
516 486
589 803
814 628
540 352
901 690
403 434
903 850
537 455
880 731
327 405
600 328
374 230
156 538
821 498
668 294
181 408
830 12
217 304
834 83
47 802
74 16
768 723
575 741
689 702
276 743
170 527
454 532
562 317
662 594
428 433
831 23
912 340
918 583
528 487
154 434
713 480
49 907
483 323
261 70
385 707
841 74
764 737
620 854
181 43
794 214
130 920
691 394
639 448
933 285
217 860
651 368
231 669
855 63
640 52
740 581
276 756
537 518
559 693
322 682
438 723
480 294
838 258
413 482
741 352
709 369
630 448
266 713
481 735
