860 2597
588 736
202 423
312 806
496 712
228 13
661 710
67 306
106 795
105 785
313 700
27 673
527 322
124 272
661 520
755 421
461 700
523 84
247 588
721 107
382 677
34 395
410 509
619 361
236 165
236 831
768 263
334 814
479 451
173 660
800 66
340 304
396 527
788 182
826 481
187 536
505 736
431 157
290 121
276 625
595 427
722 737
209 370
52 24
21 154
692 351
311 345
615 250
32 270
731 627
491 829
371 355
301 43
599 838
715 642
41 180
98 616
212 43
42 640
851 139
652 419
46 182
156 562
802 745
698 737
512 372
540 566
816 225
267 622
38 666
684 424
330 215
579 217
173 226
358 166
730 87
33 173
533 20
549 263
220 131
471 325
615 465
546 527
716 705
107 172
15 303
567 274
590 764
440 467
631 753
590 222
109 156
606 618
475 683
424 284
558 675
744 837
783 62
342 57
166 316
169 104
720 660
795 172
852 811
854 531
690 528
123 74
395 161
264 191
235 302
132 190
706 220
562 141
211 329
715 766
177 572
820 746
476 777
475 819
265 831
12 317
766 53
507 386
664 425
583 614
177 331
541 473
675 165
716 527
509 775
221 850
351 51
796 758
449 740
529 386
626 796
186 717
79 784
308 216
769 781
679 262
426 111
175 103
657 812
123 837
626 565
440 650
114 631
723 146
450 319
765 649
216 27
417 174
738 790
613 154
100 291
552 502
411 132
431 581
256 704
745 789
840 767
573 195
743 712
748 661
322 496
565 436
162 582
677 298
36 115
113 477
724 267
45 326
625 475
159 119
324 259
379 637
167 258
280 820
480 513
475 339
828 725
421 793
6 450
170 160
144 45
770 284
723 819
615 268
533 233
735 406
704 720
775 657
673 95
284 454
416 763
2 422
353 144
578 510
837 505
602 549
676 492
164 216
385 64
350 210
519 232
480 322
172 392
531 673
485 805
417 343
199 428
310 26
703 593
83 546
265 94
841 728
273 699
680 5
449 599
656 739
480 543
25 453
651 623
763 809
401 613
662 247
459 748
157 501
734 176
239 169
43 524
438 209
172 611
11 717
302 114
129 205
158 360
745 554
447 598
358 119
72 647
843 178
481 463
39 215
782 254
378 855
822 337
327 728
665 154
652 734
148 698
721 166
498 332
98 713
230 458
712 597
394 428
731 461
343 84
240 416
628 713
349 504
559 238
173 607
337 558
412 24
487 789
219 91
538 439
349 361
103 709
453 475
25 567
82 503
282 24
782 677
408 734
401 43
421 494
759 355
325 577
13 297
752 755
586 566
75 752
204 527
721 469
528 62
511 763
721 547
208 788
778 119
709 2
469 156
489 698
731 855
92 735
804 394
385 172
312 144
83 189
671 401
488 809
489 496
551 255
240 729
350 89
20 514
117 755
170 57
118 68
447 589
106 628
50 344
587 207
753 144
757 860
42 255
362 301
582 516
611 745
800 483
747 473
553 237
702 815
372 418
748 742
128 473
192 113
607 567
554 705
314 810
597 391
229 72
817 783
412 46
129 858
846 260
224 19
153 25
742 501
817 2
618 821
308 232
144 412
369 785
648 303
685 11
174 650
358 381
415 435
474 342
606 535
536 186
700 3
132 752
115 88
135 684
243 578
797 45
319 354
498 138
109 405
312 404
278 856
262 6
67 535
767 186
613 219
230 208
146 813
182 546
806 231
359 126
647 663
813 224
55 751
599 691
175 600
195 803
371 63
340 83
306 424
402 756
455 642
786 219
842 473
813 72
501 715
432 237
622 221
716 290
838 413
214 430
214 83
786 816
859 362
406 354
143 520
310 264
311 442
349 302
498 501
679 409
541 58
797 208
691 8
379 791
70 626
791 566
848 733
832 242
561 479
574 760
741 734
620 315
536 702
715 803
682 402
437 390
833 6
192 383
226 755
505 744
343 728
306 788
533 51
40 665
746 623
318 148
856 539
671 325
138 661
549 536
652 791
45 756
473 254
682 648
169 213
795 754
794 740
37 612
120 239
157 843
268 850
343 608
203 728
650 162
45 774
802 755
606 244
146 389
264 563
135 368
15 302
644 299
793 554
702 97
171 36
779 414
46 190
601 486
783 224
344 794
309 190
662 772
366 449
576 528
5 352
559 388
838 752
786 87
181 313
669 658
681 270
37 805
636 22
763 646
231 627
443 188
56 176
144 170
218 855
846 664
425 663
501 830
814 780
432 58
749 638
624 307
25 189
465 627
305 413
377 777
61 663
460 593
857 598
566 821
693 718
148 503
618 385
154 768
817 395
836 497
587 829
716 671
568 584
75 436
6 465
779 396
49 849
670 461
836 256
286 731
87 709
755 829
295 795
555 741
155 109
526 603
674 214
213 714
215 143
536 672
208 359
474 772
301 23
291 857
93 298
222 214
263 444
633 128
445 365
546 537
765 462
487 701
577 569
774 489
540 250
210 665
816 836
836 741
302 388
31 464
87 706
146 144
368 635
260 323
116 200
651 658
619 569
32 290
32 215
235 816
774 746
256 442
168 641
353 301
689 651
45 325
528 535
105 573
569 768
180 9
758 773
278 768
687 570
852 176
282 335
726 20
490 234
110 132
332 134
574 413
589 782
709 378
545 649
363 367
806 410
61 220
92 722
659 721
226 44
300 747
341 146
465 439
19 146
760 156
62 212
46 295
581 685
198 404
474 766
572 206
720 335
59 485
413 475
405 413
357 350
30 460
360 515
142 255
499 511
790 236
494 153
258 642
595 187
833 68
135 420
191 219
363 686
185 680
285 456
13 195
676 751
42 719
443 209
779 347
214 668
547 725
821 786
792 83
487 813
745 783
263 91
855 200
35 738
715 128
109 700
661 810
43 501
639 769
7 86
378 441
99 455
24 38
373 578
141 327
789 294
664 596
848 525
518 545
120 660
317 753
599 293
210 9
358 132
81 501
430 714
636 731
513 349
517 387
774 787
242 128
225 515
7 474
800 724
514 244
68 801
826 576
137 133
126 582
197 766
501 110
754 182
296 482
248 795
580 484
162 333
308 329
169 562
497 237
528 844
487 96
180 470
110 478
576 13
595 283
397 627
776 740
207 812
333 673
262 18
242 545
32 436
620 845
587 201
520 158
740 569
619 757
265 338
506 486
786 244
35 803
720 299
683 715
183 281
320 366
466 846
488 810
394 793
141 283
223 281
26 109
63 416
397 620
18 355
627 848
669 348
851 430
542 278
291 185
89 820
441 86
60 70
647 585
798 417
466 182
657 28
87 540
797 58
167 844
223 497
634 414
139 795
278 364
323 295
608 407
850 406
501 608
563 775
654 57
753 319
140 189
76 691
387 102
530 168
356 308
801 129
605 582
287 619
625 264
182 226
97 684
97 855
207 675
234 622
400 437
38 123
364 576
722 17
580 570
195 147
359 209
252 269
256 61
202 809
479 619
65 790
545 44
29 371
713 104
469 439
788 75
2 298
186 232
424 232
816 423
109 363
109 182
561 754
771 2
644 796
168 237
507 766
685 3
279 299
281 696
175 490
693 195
786 112
56 579
334 461
331 664
139 274
139 301
523 576
326 456
832 333
206 824
118 531
410 328
447 54
339 241
781 578
510 765
632 14
207 550
338 284
247 506
564 424
748 778
201 423
239 556
112 838
539 762
630 354
728 859
704 148
52 672
53 649
275 281
111 456
611 550
762 13
742 666
326 82
673 740
144 213
163 371
681 498
257 93
560 717
281 343
635 32
636 402
526 343
275 689
848 98
850 528
195 733
635 36
765 27
366 221
77 737
278 313
228 649
154 737
432 446
530 293
508 393
571 742
612 791
425 209
672 190
201 448
516 316
166 168
98 210
779 546
700 304
505 204
161 552
721 794
684 426
297 184
333 810
805 815
543 481
784 255
733 40
218 730
262 564
289 394
475 828
433 711
471 253
128 370
585 43
469 370
236 35
2 80
386 838
665 574
84 852
825 386
184 621
348 398
724 721
229 552
270 42
26 289
554 401
3 96
30 322
86 274
219 670
309 134
789 652
442 435
423 130
250 737
744 249
291 138
440 848
834 323
393 817
697 661
521 525
122 774
689 745
266 839
122 448
458 309
665 750
522 762
686 660
546 398
47 368
268 67
416 348
235 240
239 151
848 772
501 695
568 387
70 194
591 339
335 367
298 527
320 748
606 803
440 379
698 129
185 841
154 351
9 11
158 816
454 817
381 783
226 816
596 183
390 487
468 290
125 404
791 609
591 171
115 98
579 38
195 218
807 14
23 849
190 451
695 647
342 612
609 6
57 833
784 126
352 41
189 324
743 797
542 344
12 738
217 510
401 617
843 286
450 208
259 225
599 532
357 153
526 289
518 821
420 436
593 110
173 172
819 147
603 718
52 738
346 602
295 665
62 74
525 424
19 584
755 415
152 626
691 647
530 686
202 412
830 168
805 206
353 714
445 36
51 149
328 649
92 209
771 534
96 148
367 699
641 627
236 126
533 240
355 177
556 183
80 530
101 30
647 490
537 307
443 813
543 344
378 842
452 693
622 553
94 760
297 416
482 435
174 467
140 743
164 247
607 795
701 364
478 63
727 795
357 28
267 236
488 282
215 146
767 577
220 260
575 41
595 816
814 89
848 660
374 592
399 669
772 291
739 669
828 269
79 133
647 100
748 111
269 621
241 714
395 813
246 558
551 203
826 454
759 356
563 380
175 2
457 361
646 803
520 606
280 88
854 11
804 705
197 156
436 144
847 732
489 124
805 564
336 416
849 831
730 523
15 406
128 314
771 182
663 555
685 484
614 458
685 634
600 132
407 796
510 83
59 233
645 802
176 779
659 16
332 159
424 244
98 544
462 1
10 398
377 52
491 204
369 466
314 120
175 693
280 381
62 320
618 202
709 145
228 88
107 508
567 23
588 499
131 329
728 832
17 82
128 123
187 617
594 491
799 687
413 150
806 727
504 328
537 271
497 781
828 839
208 184
230 846
296 471
551 428
193 312
44 595
390 611
232 819
673 243
233 676
648 100
740 714
742 615
817 700
436 254
20 509
508 29
411 785
112 821
13 596
783 16
68 651
553 58
679 558
139 28
326 249
520 455
152 161
460 426
796 12
651 242
283 726
286 539
568 467
399 407
702 361
760 496
583 578
435 640
77 170
774 208
464 262
504 413
311 218
840 279
767 361
18 229
792 452
403 792
101 506
622 361
420 382
383 231
501 315
489 368
625 223
1 402
465 685
12 579
31 289
71 142
474 462
849 711
443 146
672 644
762 3
300 326
618 473
654 187
124 386
141 92
144 832
125 738
609 71
313 488
709 681
55 406
656 186
106 769
269 190
72 70
552 773
847 625
133 479
262 571
541 587
820 113
731 227
492 162
572 287
167 608
612 678
837 440
450 682
507 807
182 103
702 435
5 823
413 412
89 395
396 513
73 65
418 73
353 270
758 709
634 290
542 491
746 245
657 643
269 8
696 268
517 732
113 123
538 44
166 805
655 625
559 781
380 605
844 191
60 98
337 825
528 783
156 64
653 402
639 222
234 246
272 487
645 132
508 790
744 833
853 97
692 542
299 131
102 402
242 828
333 83
470 788
492 257
510 186
481 443
358 52
767 663
575 531
576 739
442 454
440 354
690 224
692 57
506 20
492 602
790 666
222 456
385 580
414 452
514 728
491 473
715 652
628 667
521 698
23 414
256 416
411 405
397 698
607 539
575 546
47 497
585 550
162 849
400 651
794 630
721 617
461 814
831 179
588 420
739 592
666 173
194 538
11 112
712 408
183 342
670 238
498 388
315 710
173 518
102 770
305 662
217 322
555 83
77 64
337 456
817 393
809 333
730 215
142 516
422 292
607 218
721 53
848 699
727 460
708 642
696 202
721 27
850 460
406 214
523 799
140 505
694 174
315 40
276 585
709 424
517 139
366 307
422 700
44 748
561 353
724 736
102 660
709 191
456 521
410 117
102 615
512 538
13 440
253 531
234 679
491 713
516 273
37 406
759 206
764 590
695 583
419 389
312 585
714 659
566 464
859 326
376 424
244 92
10 61
7 733
38 40
332 128
676 807
206 665
430 638
246 585
766 60
821 452
788 777
312 172
847 494
45 299
376 457
608 24
112 451
518 447
667 454
517 781
669 620
780 100
546 355
584 711
783 41
699 412
627 683
387 610
210 702
581 80
801 346
17 768
824 496
578 108
541 265
7 550
801 113
527 202
839 627
364 767
414 858
535 154
743 584
784 657
714 491
552 450
590 115
289 286
42 717
459 681
200 838
261 547
222 30
559 630
512 84
489 597
292 571
405 703
55 819
577 86
91 292
134 93
193 656
329 463
513 100
423 113
546 228
639 714
747 685
18 695
205 185
209 641
359 659
306 166
731 516
454 728
92 160
247 435
857 491
254 451
772 847
536 208
59 211
26 479
671 375
138 94
252 775
147 299
238 797
350 827
155 315
263 844
141 143
589 624
495 189
831 567
670 537
786 577
481 205
318 553
798 808
383 290
205 574
739 391
650 470
502 291
188 389
188 818
661 609
796 184
243 654
559 668
840 370
830 228
159 798
113 777
613 62
229 805
80 150
475 38
297 555
598 565
395 345
419 24
517 841
384 603
560 95
227 173
389 198
299 799
269 140
306 113
812 445
580 468
157 549
785 229
148 109
71 448
239 674
666 221
375 259
678 54
803 640
372 794
388 644
730 417
589 566
794 127
720 569
482 269
97 291
108 778
786 853
503 669
87 535
18 433
152 162
466 152
411 412
58 20
646 198
468 608
532 741
252 271
246 782
173 11
815 540
161 246
642 50
377 512
745 413
727 64
716 778
806 26
442 402
101 703
448 724
566 369
659 337
329 854
340 286
790 147
463 425
855 294
507 195
13 589
610 221
538 371
364 663
54 370
43 690
9 339
339 619
728 63
16 848
74 145
487 447
200 156
309 209
314 851
261 387
758 707
7 622
799 765
211 636
142 292
309 407
607 559
21 259
88 177
851 25
136 786
799 217
655 51
749 180
752 408
452 15
459 487
332 308
614 647
172 768
121 114
230 700
308 192
663 751
672 733
19 603
710 5
21 254
57 612
496 585
390 735
48 471
191 721
658 166
147 493
709 414
583 661
203 514
722 282
742 404
549 662
587 303
615 441
645 131
850 630
10 292
215 253
365 454
213 831
723 588
280 98
91 691
745 146
339 138
360 773
710 592
643 696
589 353
827 161
739 470
44 768
373 513
54 786
679 714
332 1
636 677
850 36
459 595
709 276
770 591
20 591
366 439
205 629
490 786
579 194
118 706
801 631
675 788
511 559
679 626
578 406
616 93
851 611
600 801
530 840
161 171
821 127
171 587
120 145
728 592
655 447
53 457
74 181
384 741
276 819
336 852
850 31
554 155
227 474
671 704
584 143
389 583
665 466
373 610
744 735
263 281
515 253
664 150
132 161
834 517
65 671
725 153
454 858
766 416
477 629
385 548
338 797
210 230
854 189
552 261
80 75
818 738
503 75
792 717
372 485
688 814
321 192
429 95
108 85
826 635
579 833
299 860
268 600
51 280
641 243
400 762
4 533
839 720
526 694
219 280
296 288
79 449
168 837
817 216
641 42
533 236
114 373
311 532
814 767
284 542
214 475
640 238
146 484
720 444
663 291
278 210
206 303
303 773
583 550
549 392
290 282
131 473
634 544
854 849
35 821
317 622
91 810
77 851
687 336
528 327
776 226
584 677
442 317
75 685
69 29
429 81
358 121
838 354
162 716
435 269
53 710
495 645
497 433
833 756
99 453
852 525
53 302
300 271
33 601
64 342
262 836
417 506
739 181
404 285
154 478
653 8
431 708
164 414
573 209
105 820
49 413
323 586
269 355
752 151
734 267
95 311
26 785
407 491
389 278
63 835
772 293
400 616
238 479
293 261
495 500
7 429
778 389
429 784
782 812
87 629
606 80
475 165
241 282
332 746
777 473
765 327
217 721
57 120
7 542
567 68
124 763
346 301
293 701
337 102
724 662
825 47
747 543
179 314
786 315
661 163
386 608
280 194
87 199
839 649
308 333
589 129
577 96
539 263
722 815
859 720
35 383
147 3
348 347
96 164
576 9
80 46
8 144
266 66
106 840
819 786
478 66
162 19
309 416
664 262
61 714
632 634
542 669
190 54
191 347
489 292
53 721
792 490
191 29
856 733
239 330
594 634
739 168
439 707
247 833
659 308
295 373
333 130
651 680
800 750
837 845
839 18
362 658
515 159
238 186
646 365
81 14
650 592
295 206
839 750
146 451
167 475
179 441
201 593
163 573
718 643
171 102
467 41
362 177
435 80
791 162
802 729
748 176
288 382
822 65
717 747
574 332
602 669
533 343
625 691
646 601
519 741
294 535
812 446
552 249
842 424
606 641
274 611
60 395
760 49
616 670
287 822
364 17
106 434
563 776
560 609
13 343
785 262
197 581
130 360
173 582
7 659
321 136
490 769
238 386
519 738
560 38
228 615
725 303
18 430
535 546
497 149
558 826
172 94
87 667
31 405
201 442
168 376
277 314
194 30
287 716
681 702
662 725
64 227
402 106
102 176
178 522
416 438
717 803
721 522
426 243
743 498
304 513
233 779
325 602
533 843
751 516
794 172
23 633
104 120
340 310
54 410
297 74
204 644
563 163
712 636
804 671
471 56
552 602
294 228
10 106
397 293
788 93
846 282
832 255
834 751
159 193
128 433
92 703
366 48
190 823
451 584
675 63
356 349
485 100
417 140
311 438
617 554
101 84
304 672
674 492
162 271
18 213
458 835
84 255
222 333
154 859
531 698
289 59
435 4
421 692
722 435
8 210
856 310
749 11
240 752
151 177
389 145
196 208
419 627
807 522
21 267
284 595
376 564
475 824
724 371
571 778
790 416
176 507
178 705
131 260
278 579
502 642
800 85
191 834
819 358
655 473
125 126
215 811
146 366
275 699
24 516
287 85
253 410
398 104
536 340
300 667
295 115
583 653
72 159
821 494
201 462
535 607
41 834
821 31
267 79
516 437
392 185
157 316
413 285
418 200
310 858
144 371
553 691
667 281
370 32
79 640
586 59
253 543
474 649
92 200
41 496
166 610
157 388
393 504
380 248
148 524
593 393
597 124
444 828
31 268
48 126
538 7
524 118
66 615
639 723
280 528
325 234
77 538
387 459
388 475
140 177
698 816
400 531
738 561
43 397
706 509
247 799
336 262
32 212
277 702
630 324
651 404
373 272
416 392
270 136
419 623
207 759
580 389
484 644
378 828
641 242
535 416
849 428
555 612
743 317
531 735
732 127
346 596
501 701
35 211
308 83
539 681
707 746
557 608
211 498
582 167
94 69
414 579
456 566
2 382
647 627
762 491
122 465
287 387
549 439
555 838
834 622
47 212
430 562
572 751
632 66
704 479
561 122
447 405
710 399
572 484
554 171
385 364
459 805
561 256
344 536
570 735
40 188
222 196
439 582
333 522
501 472
14 773
112 675
115 196
192 721
184 561
345 847
680 432
572 185
77 256
38 819
423 750
347 461
745 860
101 576
48 558
90 755
571 701
39 352
801 644
733 140
846 341
424 145
816 268
637 155
729 797
179 466
237 312
519 280
403 538
715 213
151 136
794 796
65 463
156 802
511 509
529 726
288 799
843 661
520 5
42 124
814 427
465 741
392 729
431 290
325 747
676 69
511 15
799 30
444 212
619 763
605 804
474 716
807 788
242 608
828 767
757 271
461 269
834 146
512 760
199 409
1 434
548 48
311 51
124 755
551 526
248 64
609 182
735 71
75 766
244 610
178 615
645 33
405 50
580 480
283 224
817 421
665 729
369 692
117 707
48 160
122 356
806 79
223 284
390 72
285 318
358 732
251 498
821 514
164 283
22 466
152 546
100 355
211 407
154 612
574 591
483 458
709 13
645 86
320 701
636 371
40 345
272 543
645 647
550 524
437 236
331 838
465 712
285 671
415 596
694 12
310 464
759 405
706 3
485 764
90 582
375 660
313 587
243 467
338 303
546 126
341 413
752 663
94 191
60 718
774 333
375 559
72 419
74 395
226 249
661 512
281 38
706 340
49 639
140 274
820 103
270 527
767 759
182 701
496 293
594 725
723 357
745 839
858 276
194 621
232 71
68 24
306 328
54 95
664 500
470 176
150 610
246 109
230 491
140 442
631 161
676 17
473 460
183 628
677 214
19 233
538 651
598 353
397 800
828 818
427 73
122 675
213 3
840 361
381 386
826 369
539 447
522 22
268 751
8 270
519 557
354 481
547 444
712 455
816 677
644 404
684 515
189 649
750 697
343 253
241 351
520 190
82 649
230 204
766 601
749 661
630 770
498 493
843 417
494 654
150 636
445 474
690 609
748 354
408 848
852 734
466 592
802 22
344 727
519 422
156 561
474 832
6 319
641 512
15 453
347 413
829 476
629 292
208 271
834 485
228 832
322 689
172 428
265 380
232 20
312 140
154 25
745 263
672 726
256 110
650 274
541 449
429 114
837 117
838 269
363 175
623 270
38 751
365 597
76 67
611 133
853 320
196 402
72 715
253 266
791 579
166 537
498 115
299 565
598 508
253 176
74 767
726 662
493 172
171 798
613 75
353 81
148 46
201 11
365 114
826 817
616 389
801 629
434 118
586 587
775 824
317 811
504 412
673 837
583 626
34 578
56 833
419 186
628 388
704 769
409 317
209 68
417 19
374 792
783 244
203 531
8 200
537 284
362 464
565 518
306 683
517 675
38 484
407 394
814 755
158 456
625 322
689 379
585 771
78 169
749 737
589 599
61 506
171 9
838 596
842 481
593 571
352 435
122 568
342 77
749 515
15 320
441 185
170 82
59 609
217 328
364 796
772 128
540 831
762 635
268 602
379 370
199 833
452 17
513 625
445 611
411 575
13 437
363 806
760 759
153 325
571 677
381 247
305 749
167 171
522 381
411 128
164 397
220 292
328 183
458 775
19 583
594 846
245 734
304 635
512 613
785 599
344 641
680 315
721 593
594 225
854 280
338 233
507 13
17 558
425 257
302 697
287 506
37 207
21 133
480 542
657 50
606 111
183 145
422 193
560 840
499 36
464 2
467 15
603 682
417 361
255 770
53 555
791 41
477 186
232 312
128 147
168 319
278 371
265 612
50 498
360 849
490 800
277 787
92 390
347 182
257 255
4 263
199 461
135 321
214 346
694 367
235 67
308 320
326 611
679 670
707 153
851 320
449 768
50 609
252 120
657 770
818 431
53 677
240 431
226 59
209 17
174 252
575 389
199 780
311 779
304 608
430 32
107 783
382 374
94 743
275 459
828 179
496 684
703 326
742 82
160 793
787 356
849 696
177 547
280 45
395 722
124 268
385 16
163 87
433 619
811 427
667 430
497 382
376 80
820 139
460 326
608 779
594 745
39 860
671 639
66 145
89 48
819 193
456 674
478 808
124 198
377 826
729 443
345 673
640 607
384 99
420 468
298 553
281 285
411 244
450 530
106 70
846 571
316 514
409 14
599 794
89 323
517 515
645 41
333 482
133 197
669 328
156 445
358 575
513 305
823 707
517 111
689 80
655 826
288 257
312 82
241 702
279 392
361 381
785 259
237 104
225 641
534 664
28 831
338 413
751 752
572 230
295 841
849 69
189 572
544 533
122 375
533 355
293 718
370 669
155 40
391 331
256 780
488 165
358 784
660 301
438 343
60 702
429 421
682 129
721 535
21 358
585 360
