1000 9882
391 564
569 350
536 17
58 586
924 904
462 635
67 137
711 592
164 789
328 635
468 611
125 628
697 115
420 718
384 556
815 455
735 851
394 733
74 585
329 996
193 77
169 228
619 620
804 522
19 422
972 320
21 754
244 735
316 252
762 924
429 955
986 618
746 462
821 613
382 613
255 505
457 306
855 224
882 597
117 504
47 493
433 265
931 534
252 829
218 893
737 731
222 157
135 638
909 83
583 380
839 790
914 491
608 419
116 311
254 413
257 773
996 854
813 264
305 49
609 227
867 695
941 228
706 875
894 220
344 728
111 722
883 365
174 203
576 259
673 767
374 820
747 298
414 399
237 728
480 263
928 811
802 844
487 636
328 987
350 934
498 407
444 785
176 159
547 992
396 908
536 335
668 852
427 46
242 2
730 524
786 747
324 702
589 246
480 980
851 711
85 567
206 321
418 406
94 703
596 933
261 60
113 111
215 805
329 846
403 423
721 224
798 892
530 390
877 989
751 836
627 714
497 401
512 910
454 961
442 905
320 293
799 951
685 146
75 13
847 987
173 760
874 775
431 192
680 724
331 372
890 237
563 129
467 276
875 371
308 556
700 930
706 651
174 909
126 394
753 748
543 211
72 578
913 892
608 628
956 54
62 849
836 524
103 63
35 295
112 466
44 431
504 92
106 240
468 511
14 903
245 715
338 31
233 243
585 102
289 545
343 338
280 971
529 575
337 238
509 936
722 219
580 205
364 36
413 162
989 623
202 867
977 47
466 556
911 556
477 707
38 608
544 997
372 646
446 133
199 439
491 651
4 679
167 213
138 813
273 706
476 975
350 944
756 595
631 321
156 153
489 896
40 610
185 383
973 494
152 624
652 857
209 513
527 43
551 401
874 690
721 494
995 27
118 350
601 176
51 975
492 7
348 592
94 215
408 996
377 449
175 114
383 255
666 623
153 592
355 406
193 343
152 101
13 196
454 22
142 280
679 531
991 269
662 385
235 77
348 868
520 887
278 91
689 608
74 212
294 311
131 807
425 518
193 738
16 101
804 6
537 645
59 217
850 324
387 734
616 958
581 180
732 800
789 295
516 545
828 371
885 334
343 778
304 191
110 615
438 46
397 174
900 791
794 318
375 641
922 786
309 60
992 536
977 361
615 643
300 474
671 229
531 512
548 565
531 471
613 342
464 211
483 625
285 475
693 462
967 739
414 225
788 438
594 389
885 642
636 264
767 452
555 370
646 79
850 682
122 757
394 452
53 65
879 213
66 460
873 996
700 883
133 74
561 647
859 422
683 244
687 740
999 662
835 433
450 881
591 916
61 937
777 456
506 72
308 710
256 809
520 422
904 965
981 217
657 243
974 620
636 400
633 652
317 225
433 492
714 887
911 563
109 639
791 985
886 89
780 334
49 732
165 745
378 864
398 525
771 21
446 825
417 705
714 41
608 433
404 569
991 519
917 681
676 237
509 300
671 810
563 693
548 39
70 423
552 418
1 172
148 437
663 342
444 552
124 564
733 238
131 590
98 935
500 887
620 608
27 504
945 823
450 463
693 433
909 724
767 608
629 5
111 12
112 934
225 665
566 80
146 615
879 11
171 56
144 700
780 726
726 223
542 104
467 846
566 370
308 102
509 547
510 836
259 570
612 404
545 437
798 769
158 480
367 554
868 205
428 862
200 773
668 164
874 913
798 547
433 733
584 619
680 618
353 673
136 508
9 882
619 623
30 984
952 894
346 533
408 988
830 867
2 866
999 920
658 176
456 1000
963 510
402 498
505 867
620 482
822 802
880 127
439 278
120 708
282 223
834 81
306 233
678 401
884 872
975 241
837 240
875 69
608 728
862 349
158 580
861 27
386 339
290 169
672 952
306 602
435 770
64 552
429 288
529 626
841 928
171 745
870 53
124 719
107 539
238 323
591 325
168 677
741 296
711 896
234 426
732 445
293 807
298 655
724 713
30 94
307 759
399 143
37 786
894 744
163 712
147 207
702 447
571 799
764 236
303 464
825 80
759 163
578 360
389 135
392 181
963 830
346 804
934 365
661 555
185 354
657 520
750 133
327 76
368 151
285 632
745 174
74 765
75 12
296 335
290 110
840 908
838 747
285 745
397 495
164 462
679 409
131 159
313 736
153 635
209 855
191 707
913 81
883 927
44 763
181 260
654 152
308 988
224 415
362 357
948 748
168 182
595 369
173 187
157 854
98 882
486 898
287 183
269 872
326 859
610 334
757 13
409 93
118 729
637 615
228 195
20 705
707 649
828 735
97 323
742 445
375 700
671 115
943 766
751 449
744 742
509 742
608 32
960 479
171 354
299 169
319 186
769 393
222 143
519 93
868 833
775 247
137 295
689 370
655 941
336 100
60 937
21 669
404 267
798 713
731 72
490 354
599 957
427 299
583 588
899 661
789 521
293 639
830 511
816 601
708 991
657 603
235 627
346 824
511 710
995 141
669 980
172 652
159 918
676 190
570 523
496 244
118 351
869 573
873 698
455 396
347 783
956 663
23 328
273 552
407 233
193 165
492 436
507 581
844 380
648 47
758 414
61 102
136 259
635 321
781 365
452 549
737 657
101 794
430 20
931 721
507 675
904 663
896 738
151 315
248 160
690 11
547 494
676 202
783 822
474 942
699 315
535 145
671 817
22 447
595 107
79 186
953 833
379 724
140 782
837 169
182 177
410 516
304 15
125 441
417 352
3 378
241 676
923 846
283 771
894 503
253 469
457 752
613 341
81 204
211 961
712 122
472 767
841 602
897 216
868 869
665 966
544 915
372 628
33 402
860 685
676 620
309 69
366 14
25 566
464 498
610 302
750 496
769 695
510 809
4 644
833 484
138 974
8 302
708 563
986 189
768 504
787 68
847 892
702 81
855 941
694 533
683 772
96 954
795 846
834 232
601 147
640 593
570 670
791 762
891 100
53 348
175 17
326 522
420 872
390 832
908 901
605 589
554 797
131 100
459 595
758 21
481 511
430 48
602 513
876 160
255 37
559 477
502 454
508 647
714 86
92 326
674 886
794 206
279 394
447 996
729 563
912 125
81 808
235 342
770 119
590 620
771 818
296 722
450 696
833 577
894 166
343 676
917 373
629 187
704 366
763 973
768 715
343 277
940 969
499 11
409 823
111 926
736 477
295 430
135 510
750 707
418 174
629 590
243 191
119 682
85 672
983 75
347 237
220 661
137 383
341 903
878 214
826 373
954 814
169 558
372 767
48 669
986 127
218 229
950 722
39 465
43 914
473 465
165 395
580 726
977 929
122 1000
765 578
881 77
777 410
541 209
28 4
89 18
421 115
574 11
408 942
152 984
265 735
694 110
52 817
623 570
181 595
790 611
931 360
956 863
5 645
209 874
49 541
341 285
624 919
930 842
753 885
862 145
135 747
320 104
908 937
801 735
966 243
151 413
979 260
781 6
14 655
733 269
311 347
573 164
619 170
106 779
514 306
509 350
187 661
33 828
822 764
988 236
625 750
883 510
944 330
162 816
858 768
125 287
400 668
531 425
611 700
449 861
836 863
49 187
858 691
894 45
453 425
223 775
884 67
152 188
371 48
729 858
414 28
481 357
10 137
440 358
918 527
559 779
509 740
636 296
646 901
663 825
192 345
760 670
191 40
48 298
600 967
545 709
544 961
526 800
740 247
156 256
673 170
150 950
651 767
527 416
341 253
413 256
750 27
255 603
989 973
920 748
535 486
412 88
604 676
347 693
512 845
977 542
62 136
504 708
400 399
645 247
902 750
652 661
799 838
601 203
160 271
221 746
117 297
434 117
986 518
2 401
316 113
500 470
302 196
396 185
743 158
81 529
173 297
410 109
66 667
776 601
641 616
288 752
228 734
745 588
656 43
527 728
145 554
262 387
899 136
306 639
913 557
901 872
258 762
408 147
120 157
818 482
68 197
803 10
153 176
902 322
297 913
444 832
231 520
750 520
327 969
590 31
665 478
390 1
484 776
824 633
453 687
24 65
6 49
926 102
929 194
68 778
731 218
592 644
543 763
376 707
379 228
930 236
949 48
454 758
276 974
904 495
482 284
372 823
774 286
214 22
933 620
381 575
493 37
635 772
30 740
753 241
207 760
99 451
338 889
181 170
531 46
517 15
646 429
705 999
668 237
597 305
264 251
193 11
126 891
550 201
369 970
99 161
1000 564
361 842
19 480
424 112
706 378
906 36
549 912
217 351
435 272
398 900
37 204
644 932
283 324
472 267
291 881
843 268
706 540
909 153
931 673
733 373
404 551
296 872
740 867
279 353
581 289
943 974
802 718
88 458
182 404
427 543
173 47
386 280
225 288
119 888
444 518
429 470
12 322
510 259
125 697
404 244
335 988
340 966
1 96
96 162
371 1000
478 972
82 462
484 265
200 192
24 46
78 225
209 22
228 822
814 533
727 204
51 791
145 809
185 221
612 668
722 332
206 837
191 19
176 296
860 450
238 90
60 846
356 33
581 552
674 154
397 993
180 471
643 985
315 844
561 564
545 431
55 774
385 830
189 549
109 792
761 762
744 1000
709 890
726 72
622 905
494 636
338 748
443 684
624 797
939 611
37 22
826 773
597 70
563 330
305 590
744 713
218 757
870 737
672 466
178 167
415 662
472 376
183 666
573 46
814 438
979 363
746 546
737 475
235 43
435 413
933 422
97 206
903 530
47 296
613 376
92 327
624 86
525 109
13 345
326 928
292 784
218 640
49 13
340 516
605 48
565 475
827 250
519 736
29 628
747 323
270 838
537 385
349 739
342 893
617 851
11 38
766 76
380 799
889 480
797 736
33 339
380 910
471 33
642 975
510 537
522 265
400 40
394 132
227 470
930 50
489 258
197 721
954 956
294 437
891 491
640 67
751 79
384 769
574 716
775 335
464 479
871 742
765 383
612 406
299 303
526 994
508 823
105 620
488 356
35 417
635 204
801 146
821 223
345 14
511 665
375 34
389 835
970 394
113 171
260 176
189 246
39 532
27 773
201 681
348 520
19 536
331 474
701 775
620 476
903 737
631 764
176 616
231 210
197 93
235 23
443 437
183 879
477 78
480 222
61 399
279 312
407 871
429 235
983 708
692 535
666 633
181 229
799 310
948 808
399 676
571 319
991 906
741 995
220 54
332 728
914 238
101 277
716 822
475 224
89 906
77 364
8 845
957 453
63 937
72 116
372 50
466 948
825 779
354 821
206 786
872 298
837 596
566 50
713 606
557 697
57 482
918 767
928 635
18 399
698 349
312 144
522 15
158 435
275 117
973 374
207 886
413 287
342 175
90 444
792 440
617 421
854 62
892 249
290 957
19 233
246 442
156 86
263 914
126 860
237 349
221 632
758 257
600 452
333 842
249 375
212 365
786 76
303 203
754 472
335 353
27 147
191 717
257 555
113 433
956 979
649 941
725 154
49 649
982 571
640 824
715 348
319 984
855 933
463 114
702 953
127 33
607 363
899 418
738 134
745 674
562 88
267 316
418 672
606 913
257 870
884 787
216 237
300 828
62 807
382 64
845 600
577 558
89 884
788 712
382 467
917 428
168 613
980 524
436 546
684 504
958 747
881 778
614 503
651 193
444 833
840 6
453 541
955 311
194 927
447 499
285 500
120 243
841 700
243 374
393 947
987 119
539 910
96 596
946 900
622 289
290 652
788 243
789 678
994 506
261 29
962 186
298 543
820 780
397 589
588 288
259 628
32 426
431 274
826 524
443 647
912 681
711 315
696 112
520 318
598 107
691 311
998 913
992 348
105 838
644 135
539 379
478 53
212 456
499 978
394 215
467 162
969 356
311 365
919 82
867 389
357 767
321 569
623 960
135 976
98 51
642 420
366 758
572 37
645 831
84 895
747 201
441 855
475 266
457 779
22 445
888 481
228 578
148 259
477 457
206 57
907 246
139 64
651 984
305 344
128 255
558 317
985 875
98 393
15 578
660 277
932 530
113 608
208 316
405 894
360 391
858 394
418 251
259 805
229 171
715 614
472 624
380 73
141 997
368 513
556 964
647 287
601 725
53 78
952 334
868 69
280 486
544 627
1000 85
285 875
656 769
109 423
337 548
599 324
713 961
492 320
938 38
846 679
299 736
874 952
624 655
566 550
456 785
660 687
221 527
400 456
984 182
736 791
643 115
844 354
810 286
238 53
463 788
635 367
786 295
770 928
148 892
330 123
404 742
921 373
227 753
465 248
88 137
552 248
715 356
754 706
22 140
814 152
796 995
266 594
373 345
224 243
767 41
958 247
97 431
794 127
12 144
197 42
625 849
508 470
1 210
662 169
354 972
807 59
80 405
559 531
600 544
968 4
769 213
149 187
135 504
46 557
305 469
676 684
436 649
453 725
990 548
360 781
812 28
119 530
157 241
964 231
768 922
971 645
612 689
849 33
703 858
461 347
209 130
76 374
591 561
924 900
941 610
86 955
416 147
566 422
769 657
788 171
111 348
10 922
421 920
670 307
195 721
717 844
129 395
4 777
811 395
737 94
105 764
380 418
701 440
539 517
925 354
32 65
644 807
165 235
723 721
316 777
282 565
616 287
51 204
372 985
316 248
356 745
229 624
892 555
415 740
5 532
227 41
652 465
834 67
767 286
435 331
921 528
369 755
395 969
162 948
571 592
933 345
239 710
40 8
790 300
116 307
410 134
550 722
469 178
61 511
748 351
469 778
182 349
828 327
685 330
443 163
901 882
41 668
101 276
284 788
780 177
660 495
76 726
457 940
547 23
81 249
499 150
67 311
882 493
748 780
183 496
679 291
834 584
373 811
637 117
858 322
458 884
484 354
869 66
777 705
547 706
786 630
345 478
422 362
40 763
864 573
246 665
851 809
485 555
165 429
682 217
413 789
338 915
949 365
847 822
973 599
711 919
648 167
888 812
631 12
476 555
793 367
838 382
779 818
800 320
516 132
974 760
666 297
870 569
945 470
934 526
741 804
723 809
413 713
286 617
515 85
477 194
831 823
82 242
1 376
936 845
234 462
71 831
920 449
449 831
121 586
408 656
896 378
436 547
205 474
307 713
251 612
175 978
894 478
915 567
608 35
718 40
759 964
190 449
284 542
967 763
750 761
162 126
936 649
160 899
12 668
750 360
733 614
699 954
397 232
189 520
150 886
924 605
289 210
642 726
129 521
595 746
526 552
270 234
164 809
242 43
77 804
740 100
636 53
618 600
726 562
187 777
82 781
754 750
748 942
289 429
697 280
700 585
246 391
874 980
191 514
929 765
236 233
364 54
334 874
502 172
970 338
499 982
74 880
889 354
652 522
179 232
168 119
95 324
322 736
70 2
150 746
164 195
37 347
545 664
654 490
107 11
514 329
823 497
770 255
595 270
178 370
495 913
519 617
794 24
998 717
175 547
549 466
932 430
21 137
225 294
637 761
755 882
438 34
24 274
757 256
923 722
1 289
968 489
827 446
243 55
116 815
334 226
561 110
484 267
9 81
505 880
3 367
663 925
833 814
850 900
544 807
162 130
915 960
821 146
686 926
366 13
595 537
161 459
941 910
101 411
713 887
75 282
590 399
321 157
835 292
818 373
584 740
716 481
75 491
721 445
597 354
66 234
644 213
574 18
856 763
373 883
856 339
284 196
602 379
456 865
308 706
278 430
298 440
887 366
359 273
127 309
814 447
725 224
856 113
787 517
554 792
75 417
575 610
502 426
895 129
36 938
457 123
990 175
558 819
357 530
526 269
71 592
224 201
68 490
586 107
429 746
245 286
374 946
676 120
70 411
456 27
242 564
495 858
701 539
634 750
197 812
181 439
770 404
524 139
818 424
289 862
736 33
756 428
495 56
20 803
150 621
438 502
929 430
693 445
859 941
16 513
977 474
501 940
813 772
674 263
111 121
424 833
868 772
910 17
962 449
925 203
604 782
73 850
368 558
310 897
258 349
475 50
432 575
718 525
695 534
242 218
819 825
247 111
105 594
458 386
755 424
521 160
136 130
321 885
636 125
749 186
701 439
593 342
429 660
817 910
472 137
492 52
368 490
22 621
151 843
734 304
113 314
893 98
709 638
51 124
126 512
40 235
140 318
337 179
711 864
558 988
649 512
227 748
176 618
356 968
505 402
69 241
767 494
288 632
36 974
933 344
884 650
706 578
447 948
417 737
341 517
734 140
810 676
154 128
999 88
512 786
141 271
838 222
396 325
839 563
381 260
546 753
139 173
654 133
845 515
93 830
702 916
832 690
708 269
345 421
721 654
427 775
923 666
980 601
380 829
767 947
254 834
220 342
292 462
834 646
262 87
450 303
140 567
570 76
376 571
279 400
604 867
309 9
773 506
242 28
6 475
111 177
11 435
609 575
740 242
212 939
492 518
359 772
582 953
165 475
592 953
892 132
341 250
603 219
255 580
455 134
42 57
502 935
322 217
877 105
659 74
956 536
792 553
367 699
49 676
124 60
981 955
423 714
905 351
199 580
902 141
153 639
635 441
359 345
279 120
246 245
971 496
640 826
195 308
23 119
390 926
597 862
193 616
935 21
657 473
254 339
127 35
605 331
212 975
831 929
649 653
391 256
432 383
25 690
851 76
301 19
429 94
196 383
272 134
794 295
702 462
488 964
604 434
860 36
510 373
427 995
738 712
181 831
419 391
869 131
30 47
879 478
779 244
483 249
777 24
76 296
688 429
711 646
68 644
414 936
220 975
868 931
670 249
708 948
347 500
114 473
955 757
119 104
532 361
754 240
647 616
118 288
873 557
714 747
142 80
604 651
12 178
56 401
506 421
682 135
895 569
329 472
455 392
277 856
613 548
572 483
189 373
791 835
250 173
967 386
236 392
718 828
679 526
334 517
745 866
501 28
943 245
835 788
766 520
378 841
487 25
934 984
991 665
503 851
441 499
988 433
680 98
776 597
743 185
340 380
605 184
328 348
420 308
314 787
991 959
741 936
452 997
235 511
177 442
125 452
306 542
948 913
185 919
188 549
738 637
962 681
615 161
893 991
236 882
864 203
930 898
722 41
428 156
871 904
273 112
305 431
628 131
224 729
624 365
281 390
779 131
492 766
953 372
4 610
134 229
372 624
695 412
719 522
621 254
907 692
666 546
612 509
830 268
137 71
778 427
247 394
952 410
661 13
536 217
456 960
317 312
9 127
503 173
289 784
271 219
61 819
139 905
967 179
38 77
214 412
152 960
173 682
710 625
763 54
482 252
450 765
107 972
577 142
192 666
211 528
930 802
643 295
772 800
648 463
464 218
120 574
616 451
621 143
726 664
801 567
914 366
735 986
719 449
317 877
871 266
302 3
509 453
931 755
992 993
809 237
719 374
79 983
338 303
903 253
238 60
53 964
974 928
743 221
250 530
914 675
718 421
918 59
791 299
429 422
125 375
822 647
201 351
513 268
589 209
866 227
681 598
223 815
892 678
832 710
854 903
638 62
628 112
756 429
911 620
794 654
686 400
923 814
418 285
664 221
878 218
829 942
982 638
986 123
685 603
66 45
928 304
768 297
809 595
882 907
133 169
711 364
344 294
735 378
682 114
386 599
49 823
602 429
644 202
97 547
237 958
98 220
412 914
947 923
805 473
34 806
66 417
328 461
190 647
772 165
921 613
683 514
9 599
856 78
531 793
641 870
658 828
566 989
383 3
773 541
957 464
670 943
400 99
809 201
439 386
776 506
37 502
724 60
961 902
728 951
603 805
417 736
642 507
270 272
645 759
481 635
796 624
124 887
680 44
550 547
220 130
226 401
153 79
906 567
709 66
791 191
288 950
456 56
913 748
953 847
120 133
337 587
716 413
245 620
958 754
461 906
723 331
542 909
466 800
713 353
253 40
918 31
37 807
665 454
224 786
820 614
656 655
784 468
989 517
681 876
136 249
483 396
789 798
276 839
812 401
996 246
389 480
542 62
545 266
233 742
273 591
698 344
100 18
66 414
158 438
518 357
61 665
462 968
212 539
216 478
381 703
860 683
21 983
260 113
706 193
288 106
551 491
644 287
612 235
416 782
625 96
41 503
796 97
190 720
49 940
920 404
58 850
645 260
114 630
35 850
105 905
571 656
976 304
938 673
943 991
745 901
407 934
378 818
580 849
223 118
376 335
943 833
178 920
431 446
634 466
347 736
103 53
864 339
63 667
316 540
555 819
438 213
23 965
742 295
300 64
849 483
499 86
279 684
141 651
237 694
1 24
267 137
934 68
595 176
250 927
327 965
733 834
627 195
664 887
774 268
63 863
975 554
462 667
854 681
220 601
212 857
980 963
195 212
147 238
995 466
542 687
462 949
700 653
523 818
937 621
522 945
381 225
816 606
32 429
293 282
771 6
155 297
542 327
184 327
833 174
249 423
564 42
566 712
511 803
576 584
574 199
372 528
909 710
652 540
782 16
154 595
112 40
458 12
424 116
460 626
292 395
187 695
264 428
601 453
268 396
966 63
714 172
93 161
476 303
884 604
525 244
84 932
748 387
804 445
92 383
787 713
540 407
500 212
582 126
736 330
607 473
663 475
991 958
23 888
561 305
237 957
267 426
966 360
344 743
418 818
276 340
250 721
659 781
720 749
383 543
497 676
576 321
63 925
50 536
34 373
680 447
437 118
100 459
350 607
335 37
258 213
471 25
849 169
64 819
698 62
241 441
441 79
595 938
90 174
423 248
940 294
372 736
928 422
985 699
695 524
453 929
882 21
100 42
323 461
821 86
200 640
809 630
493 5
199 630
146 449
80 325
243 659
725 283
764 503
857 147
341 34
677 408
695 835
26 522
868 309
230 112
704 60
907 883
947 958
804 541
606 385
451 936
838 308
521 279
227 357
579 728
835 866
32 885
557 465
715 392
537 984
644 900
774 991
580 748
303 809
269 969
589 980
532 817
611 856
539 23
104 71
196 658
417 731
839 952
346 362
918 73
371 396
922 4
260 675
448 899
927 277
857 617
287 138
292 796
442 225
337 509
980 353
362 88
239 498
883 565
483 804
471 223
788 643
680 268
777 662
560 866
172 88
284 930
36 155
358 172
492 829
608 126
239 208
479 705
251 558
175 916
611 521
372 550
944 239
581 726
162 164
938 453
209 471
930 161
418 397
702 389
666 27
484 926
761 817
267 624
167 155
5 204
116 705
392 159
548 854
600 804
134 627
359 960
476 828
421 237
403 366
873 740
857 856
972 232
574 12
188 351
407 191
191 580
529 381
341 120
904 999
464 942
32 802
325 867
972 462
886 12
445 330
179 802
626 470
112 207
115 672
866 56
23 109
27 918
690 234
500 804
107 68
897 524
239 707
885 125
932 2
383 352
280 681
136 909
879 512
323 666
276 268
408 188
500 802
675 94
162 375
951 181
684 272
558 265
120 245
33 642
16 976
457 546
578 958
353 625
427 918
712 40
663 422
343 26
660 200
772 770
613 360
580 103
113 702
884 413
835 51
458 208
565 838
68 674
329 998
646 641
774 279
703 968
12 985
234 729
440 56
579 199
394 617
414 620
273 872
556 220
440 167
853 41
205 394
373 535
320 397
746 149
428 824
602 31
214 376
531 25
991 227
973 596
377 701
838 594
655 440
821 928
644 175
723 750
657 812
807 674
847 593
114 631
409 491
544 122
731 972
934 803
972 498
331 506
212 79
714 137
821 755
18 640
420 60
519 864
938 561
154 815
871 333
28 553
912 156
272 123
65 323
883 643
258 34
595 375
139 493
712 569
610 328
495 958
748 192
741 946
407 756
102 431
345 929
291 7
899 324
633 138
849 210
580 391
780 193
710 774
270 915
861 490
629 894
679 562
46 654
448 745
710 657
513 331
552 271
244 259
258 864
305 385
537 238
385 361
423 497
679 713
488 228
696 585
57 401
59 751
794 630
983 14
531 633
508 110
551 842
916 453
39 182
650 105
320 860
545 277
195 396
12 878
859 181
643 992
146 312
976 119
941 935
754 52
912 798
749 239
659 251
346 770
458 472
208 815
47 878
801 350
470 355
733 694
660 663
240 144
94 700
100 996
288 230
762 876
908 520
857 80
201 660
418 432
661 924
350 503
692 774
994 566
393 115
672 314
87 957
255 182
224 433
277 425
973 956
368 640
192 159
446 772
343 952
325 93
199 564
19 818
866 851
444 317
887 971
250 508
433 52
704 233
814 98
788 633
499 388
409 940
68 151
935 587
196 288
956 422
813 107
120 190
229 356
488 802
732 93
146 856
236 876
862 968
441 364
813 252
138 921
569 616
751 336
62 114
980 770
964 143
594 380
134 219
377 840
786 554
750 267
626 813
698 430
937 686
388 850
712 350
569 443
954 647
169 581
132 351
925 395
427 269
156 325
85 345
985 299
582 903
821 85
40 694
129 667
833 367
778 312
468 710
177 71
859 447
458 508
159 983
61 817
173 791
501 442
428 768
982 443
624 643
296 382
784 144
249 322
527 133
352 867
587 486
680 516
716 194
666 987
659 70
898 987
852 770
429 591
602 745
382 625
809 49
912 454
933 464
495 675
120 687
197 469
532 818
478 454
94 306
528 261
612 801
805 871
991 524
151 341
784 46
89 918
953 873
491 998
662 67
611 569
813 429
851 6
10 554
266 944
659 845
900 867
704 356
504 266
548 189
606 655
419 355
112 767
522 464
63 944
375 610
267 183
695 175
789 38
321 937
928 886
86 610
194 345
732 464
695 220
290 843
517 748
440 336
370 177
885 766
65 677
323 253
716 636
708 390
938 879
7 847
858 285
713 566
225 520
555 343
481 774
583 637
313 273
722 591
47 960
30 662
17 757
588 356
511 567
761 808
578 398
523 531
856 532
970 955
768 474
364 859
41 29
311 892
91 154
332 313
142 14
914 31
273 941
617 964
620 315
359 673
94 150
791 788
818 850
507 515
182 789
577 25
500 504
463 244
1000 896
767 282
70 912
291 959
386 921
973 882
545 724
676 298
436 688
71 416
718 741
844 608
115 592
645 593
650 845
776 384
789 948
227 638
67 981
73 68
680 60
185 642
684 604
6 624
714 455
272 318
130 180
849 564
179 737
509 186
58 466
752 49
63 583
880 70
323 810
452 78
58 69
150 413
758 678
82 447
706 741
931 184
2 668
21 416
263 392
478 905
745 150
450 298
505 813
107 929
950 487
54 168
58 167
223 547
959 383
228 203
176 358
360 451
418 319
739 705
815 796
86 872
678 556
989 805
96 572
669 271
468 536
824 304
825 89
535 770
241 162
167 190
796 302
778 353
793 389
673 29
15 122
332 462
633 953
337 608
321 123
852 62
494 227
568 584
535 992
293 501
264 197
891 54
138 738
765 977
895 518
109 141
592 361
991 115
758 282
27 166
486 633
439 491
329 434
865 576
151 217
120 521
562 736
765 819
549 998
23 3
643 364
320 74
253 676
192 300
454 389
809 154
918 276
422 442
596 182
279 234
174 4
639 240
348 783
420 396
261 896
353 103
853 690
358 240
628 758
377 925
667 818
482 663
139 381
324 183
253 887
525 952
906 553
908 399
949 725
83 15
788 725
914 888
718 274
999 351
358 429
788 324
521 839
25 144
93 95
508 137
562 45
901 628
115 25
6 152
872 764
911 431
324 267
966 974
642 944
485 592
573 872
362 597
509 642
721 26
102 531
416 352
661 374
264 820
764 15
603 139
146 328
368 760
284 478
413 563
369 226
422 116
208 800
264 18
941 840
507 892
212 386
199 98
995 3
670 553
873 575
80 633
299 921
123 317
506 175
397 12
805 415
618 177
972 384
442 663
689 725
981 190
140 370
934 844
973 810
830 909
512 847
862 482
796 916
141 233
179 906
550 655
304 329
553 885
269 645
953 844
771 223
352 69
176 787
999 294
676 64
774 573
244 66
872 939
951 79
737 199
258 728
906 860
231 725
489 14
110 478
827 434
776 916
581 879
103 543
806 844
510 487
543 423
357 400
985 927
693 470
626 987
882 305
494 91
332 850
404 327
816 911
493 225
840 54
403 9
363 765
422 438
355 913
337 654
524 364
825 145
237 825
226 670
616 10
812 125
412 111
285 791
415 856
507 171
894 773
777 103
598 25
321 35
801 377
204 856
995 63
905 267
959 984
126 665
878 744
91 758
700 728
39 622
154 310
737 423
805 435
772 204
956 801
4 342
832 383
444 13
657 132
162 826
47 321
164 227
679 700
26 204
376 393
66 551
984 328
273 172
89 612
623 995
58 733
115 996
225 100
818 243
947 493
288 830
475 508
992 194
301 529
175 707
966 330
842 332
914 817
129 495
955 39
831 728
475 975
618 151
656 504
231 872
641 372
56 724
36 362
681 603
425 141
877 456
82 472
444 663
513 178
612 600
817 228
949 815
290 124
628 226
206 824
355 606
284 578
52 422
894 357
287 601
574 615
521 633
370 1
299 7
713 565
56 784
73 854
845 48
96 594
441 986
595 569
370 81
587 633
423 577
60 735
668 414
924 816
20 145
194 21
531 701
285 842
918 448
881 501
40 659
241 22
332 427
63 341
873 601
187 821
722 878
598 37
963 616
485 788
646 30
501 270
66 893
235 862
731 629
347 844
294 853
799 760
208 465
70 940
382 914
257 705
458 66
908 928
452 612
783 544
292 461
249 40
253 996
163 376
182 564
538 276
903 620
631 619
175 385
141 305
241 985
165 699
374 611
72 781
118 669
456 428
771 791
420 335
888 431
452 56
275 993
883 372
866 634
839 377
68 232
515 135
472 917
896 403
965 811
953 614
400 546
35 251
298 597
278 583
747 434
91 438
936 515
828 529
171 382
228 869
111 438
529 660
362 751
695 291
57 379
241 502
548 859
671 835
119 461
858 335
470 153
88 704
146 579
402 729
534 598
169 738
612 338
885 834
100 398
247 297
802 406
697 180
200 508
536 118
749 907
367 880
243 446
835 194
860 690
682 819
789 765
781 701
817 716
713 819
808 741
221 848
682 194
939 305
325 658
753 95
455 19
402 157
810 46
960 607
709 828
123 419
89 119
911 812
697 368
797 159
460 506
977 672
714 981
402 447
222 68
739 122
44 860
649 838
906 765
709 606
191 715
274 645
402 462
776 351
465 834
264 435
782 853
731 895
92 743
753 667
796 945
710 203
412 906
288 664
573 193
222 447
481 169
227 925
549 168
71 532
555 935
990 506
701 893
983 599
130 153
42 141
316 892
883 336
493 766
158 842
620 529
15 967
487 522
653 667
388 715
140 576
219 217
646 830
24 473
944 218
639 295
930 5
822 31
950 448
328 847
20 13
559 820
46 985
901 277
899 807
270 380
364 623
200 536
418 435
592 778
129 524
332 13
460 90
225 955
542 424
229 915
808 818
593 496
651 528
484 807
513 681
342 205
345 223
57 851
811 470
869 724
119 21
122 811
213 80
913 378
659 106
708 966
921 919
596 535
511 949
778 612
835 621
229 710
412 298
569 639
521 729
921 768
460 542
711 895
114 921
723 637
689 701
597 28
193 302
282 885
50 497
523 913
718 768
98 485
705 139
230 750
639 262
987 801
621 984
364 352
387 299
870 990
690 176
856 184
984 365
109 692
112 408
758 803
745 640
782 595
235 354
904 867
383 314
224 145
997 570
909 884
362 99
521 896
861 460
935 581
602 576
119 742
535 377
229 354
598 981
770 316
910 812
984 856
922 841
432 915
426 393
420 13
357 415
115 687
809 979
556 51
617 43
674 34
416 286
539 864
321 407
177 971
56 228
717 113
498 920
30 715
439 437
240 303
406 522
704 42
194 464
730 142
660 693
844 442
705 964
322 396
674 601
950 778
259 389
835 726
359 150
985 229
749 388
752 168
674 164
153 571
744 540
123 585
560 627
455 654
978 569
784 770
454 450
112 309
775 572
135 925
558 99
231 52
589 930
960 242
201 11
16 186
608 676
718 425
595 666
172 309
286 309
90 730
111 704
442 295
443 266
175 691
346 499
399 623
419 357
681 602
242 640
224 923
888 114
466 824
488 768
127 571
438 434
918 904
703 610
150 614
797 761
506 876
430 726
681 884
26 278
121 871
659 633
509 728
94 830
845 94
793 451
677 869
289 44
254 660
555 329
646 32
461 294
873 830
380 218
843 722
842 995
241 132
940 404
13 750
181 776
740 280
494 449
891 191
854 33
322 206
365 670
27 560
293 479
350 768
77 632
815 446
284 182
982 453
532 412
458 353
260 191
122 210
840 921
213 249
51 210
679 492
863 83
39 525
353 270
497 321
161 903
92 621
525 230
740 637
446 992
430 485
291 929
681 105
511 218
594 698
887 623
222 340
943 169
981 486
104 445
876 252
847 269
760 413
373 150
581 337
144 532
31 816
876 275
666 860
382 220
610 419
774 728
127 451
408 481
54 929
12 35
840 420
141 385
914 643
789 501
153 83
267 503
144 378
453 256
263 164
797 955
104 526
598 930
486 328
180 931
842 496
387 831
923 657
673 614
183 290
34 376
256 98
315 705
408 93
997 933
923 782
449 631
546 351
125 234
971 726
603 664
560 111
407 192
894 646
552 963
39 143
721 60
697 187
347 382
935 81
756 722
388 788
449 258
412 178
217 798
135 410
592 958
834 919
281 781
583 752
397 691
60 595
167 265
498 928
523 561
137 206
125 765
279 833
915 443
365 144
131 488
556 575
514 827
127 490
199 9
346 591
240 198
921 811
408 914
374 885
198 323
456 958
718 954
679 400
762 966
344 211
662 717
921 581
494 793
559 191
809 152
593 881
83 479
378 673
974 621
97 15
760 441
524 772
282 427
822 885
119 491
732 935
789 408
37 387
896 97
776 525
797 893
279 458
762 378
212 33
699 391
782 877
685 168
906 727
796 711
376 545
48 333
941 79
803 50
789 235
902 314
279 793
841 724
722 209
289 906
516 907
629 526
177 578
562 299
163 542
977 182
177 942
414 941
551 212
272 902
96 730
171 136
63 398
247 445
268 870
293 693
920 673
388 159
852 676
160 214
513 726
394 312
830 119
775 246
616 191
342 829
401 173
554 125
746 578
646 421
598 98
319 583
142 196
36 591
643 417
471 776
529 232
939 835
494 731
269 255
531 276
476 517
829 7
563 231
766 930
539 158
317 836
994 958
836 522
317 949
891 528
857 395
783 648
148 581
760 469
724 112
616 793
727 787
304 331
802 710
217 379
733 510
349 442
257 859
495 991
244 221
624 403
309 615
220 247
607 618
284 811
157 595
442 43
746 29
237 662
281 109
64 920
546 276
431 778
33 335
463 82
310 157
572 608
3 807
99 986
396 846
146 633
110 318
368 937
755 7
95 558
208 194
293 333
318 267
878 195
609 606
630 800
756 667
703 956
134 361
172 948
564 227
945 464
215 886
494 187
416 253
843 646
899 760
366 369
522 849
100 165
548 909
716 31
221 919
369 140
796 391
817 868
669 989
1 931
860 798
676 808
114 728
497 288
649 163
96 971
908 600
302 443
566 680
365 489
886 181
152 884
674 713
35 685
606 276
627 859
186 878
84 230
32 905
586 288
148 891
758 568
101 805
363 800
246 342
535 494
439 821
442 395
405 261
64 393
202 267
330 324
944 712
999 50
720 943
115 220
724 251
338 74
980 365
361 507
125 370
788 536
435 816
48 251
727 533
128 803
220 473
718 328
996 618
636 828
286 484
620 602
785 683
557 71
392 583
137 549
10 317
306 865
682 680
936 696
958 565
686 516
836 401
275 387
670 24
357 259
131 326
756 767
351 293
333 190
825 66
536 139
295 83
332 86
503 31
237 79
312 986
129 740
445 130
748 605
309 330
955 929
62 149
464 644
680 596
290 768
900 89
481 711
946 395
486 952
252 594
326 425
610 892
496 388
729 90
621 156
736 714
97 768
829 79
49 613
585 571
767 263
157 983
876 253
975 251
60 140
106 689
339 29
714 115
328 266
736 391
495 934
379 433
853 524
306 449
514 524
814 921
16 822
625 886
847 211
595 42
599 626
399 578
992 462
594 142
25 185
577 868
484 378
324 387
238 329
737 382
592 675
629 952
671 167
450 297
729 978
569 677
881 587
20 107
628 192
963 57
745 36
214 289
842 802
901 319
472 559
113 707
399 6
61 547
371 631
411 732
234 709
937 628
207 894
88 297
697 404
275 234
518 346
521 198
388 75
871 730
696 92
968 705
194 281
732 522
610 913
436 8
867 34
5 351
557 930
117 889
430 292
70 895
967 7
326 405
292 269
757 991
811 914
776 242
670 722
649 981
501 2
502 357
531 473
754 690
406 127
597 856
176 524
620 79
396 1
549 197
739 623
14 519
349 127
791 136
371 475
207 65
965 917
509 377
990 504
349 400
222 902
763 732
979 70
514 158
239 449
679 932
974 780
421 527
710 890
275 808
383 614
131 611
443 309
780 844
656 450
807 181
914 902
14 973
922 397
372 324
360 260
977 860
542 686
461 58
944 220
986 363
567 474
570 106
665 342
533 471
238 71
591 577
685 764
427 148
946 956
48 719
364 617
733 656
57 119
518 36
831 39
801 112
381 566
256 395
954 350
955 779
541 78
489 199
569 125
74 549
809 686
498 965
635 140
483 107
216 302
179 418
553 657
899 957
976 280
959 929
35 803
786 25
236 224
143 692
700 567
293 103
977 642
597 169
853 31
429 480
749 414
677 193
678 154
58 883
75 179
147 542
501 117
709 560
430 435
288 472
75 768
918 324
80 666
520 742
191 894
198 78
933 393
115 668
459 574
887 598
31 890
287 268
167 556
509 428
48 231
365 840
979 180
89 958
224 147
111 611
871 83
837 79
469 971
755 714
537 259
518 689
589 204
903 340
653 365
284 226
658 709
419 331
851 332
737 269
159 373
418 17
96 187
684 468
977 358
873 405
447 398
813 176
495 402
137 760
487 782
788 441
630 319
557 260
597 383
357 494
298 988
155 637
524 322
532 53
661 407
503 58
489 984
420 734
313 362
332 386
997 432
229 518
986 131
223 671
459 1
394 700
36 541
347 756
761 626
959 965
526 216
15 676
397 476
454 151
535 666
596 420
99 196
725 120
763 189
800 161
821 533
553 431
330 16
95 272
34 40
731 776
18 693
796 836
231 161
288 595
219 697
662 869
939 852
220 707
67 725
415 447
992 854
37 669
173 249
619 73
358 191
732 872
451 800
607 568
754 988
903 299
962 997
923 617
136 869
361 506
948 404
326 552
866 112
600 441
949 522
297 839
462 395
28 977
785 682
134 902
632 121
206 908
683 673
746 129
286 100
931 273
655 958
457 666
115 466
834 636
68 804
269 95
732 323
751 225
399 188
419 722
885 875
869 86
512 407
91 250
185 113
350 597
167 1
596 917
359 793
820 861
697 14
73 804
483 197
907 551
619 337
113 64
955 819
613 819
445 129
797 172
302 762
798 671
602 4
289 509
308 399
575 459
464 645
695 451
950 869
679 281
95 86
80 437
958 336
856 310
305 528
583 957
880 27
809 17
222 254
776 166
185 433
322 688
486 270
202 74
446 881
987 875
532 978
595 350
211 105
527 601
110 857
326 874
351 717
943 905
529 845
602 781
456 431
475 477
404 855
112 479
637 713
103 237
565 910
24 290
611 678
895 425
923 738
194 750
50 586
324 125
435 622
409 793
836 208
984 867
717 339
438 412
186 493
85 729
730 750
659 550
478 519
868 848
464 150
376 578
3 911
704 768
102 619
323 362
622 274
324 561
199 455
789 649
920 984
351 280
190 158
63 404
582 944
731 406
452 998
57 203
756 579
355 938
716 576
138 908
511 755
363 484
470 344
843 990
570 634
136 52
84 716
674 556
769 957
71 60
164 610
408 916
995 120
908 609
411 27
678 127
41 10
706 364
448 4
417 971
734 422
148 845
486 141
814 510
652 493
445 361
340 385
640 817
843 282
19 684
994 130
245 12
376 341
255 766
526 349
306 128
126 257
163 281
127 40
218 980
97 13
463 490
301 507
969 81
842 161
845 766
645 706
206 264
443 86
525 428
414 309
935 973
439 130
991 977
278 772
491 648
391 31
563 758
140 797
272 429
1 225
771 901
973 518
704 416
300 91
301 814
234 211
328 916
333 935
993 902
578 876
231 731
816 245
671 245
180 560
971 748
776 99
595 169
719 654
722 350
975 560
915 797
789 828
115 315
759 738
281 717
232 125
298 904
65 899
711 524
6 441
436 30
590 443
811 442
243 524
914 145
483 29
692 463
179 308
347 634
211 181
229 626
490 946
640 721
166 290
85 705
721 474
538 843
8 27
136 464
501 338
598 96
636 787
485 809
626 345
424 491
578 148
784 635
877 360
580 194
147 545
593 945
788 490
398 914
810 434
633 877
140 253
416 637
970 60
848 656
743 289
232 961
636 727
25 197
340 62
1 434
882 278
795 296
220 721
874 291
413 677
785 274
219 634
239 631
334 345
483 929
580 593
977 42
490 187
664 524
673 706
266 872
586 849
628 500
367 384
419 475
225 536
79 429
465 9
54 229
376 266
116 934
155 862
524 509
604 179
773 426
25 914
962 501
589 178
115 279
813 661
764 184
584 270
643 963
281 409
608 404
755 295
539 786
336 183
569 47
882 926
609 830
764 414
549 614
479 784
221 917
829 726
955 903
890 484
874 929
55 603
3 154
344 225
807 771
331 202
5 261
998 628
5 162
484 548
787 815
355 337
710 485
765 774
483 376
40 247
795 121
173 581
320 7
891 720
346 967
13 28
987 913
58 903
538 397
614 656
226 177
322 732
841 372
608 601
364 327
791 66
154 5
379 815
537 764
565 965
885 20
634 276
927 275
36 176
954 415
22 487
473 405
983 536
434 631
163 15
480 409
906 749
104 533
626 646
849 644
918 796
833 992
335 954
484 320
563 607
950 109
680 385
572 663
441 147
488 337
817 280
730 523
196 227
931 967
632 233
775 163
65 696
851 585
980 803
824 571
586 678
381 298
474 124
534 590
42 664
584 475
308 251
313 171
117 885
388 819
835 234
332 80
173 994
607 625
29 208
634 660
659 201
660 886
133 146
959 794
53 331
259 708
703 257
414 354
433 713
839 449
623 478
915 273
187 934
670 403
298 501
835 550
250 10
752 376
535 697
403 594
226 115
498 748
448 57
636 970
635 149
394 947
956 961
4 310
577 28
923 8
834 485
356 865
430 488
804 285
731 791
491 10
947 785
93 370
790 344
322 800
329 68
998 108
790 203
44 553
745 716
562 426
746 671
428 988
571 472
98 650
338 157
339 140
747 251
445 41
396 381
804 66
555 972
377 782
813 396
818 354
305 189
859 626
128 914
609 111
297 850
67 647
927 21
522 458
618 860
876 722
471 110
456 168
864 138
65 747
390 16
711 884
824 616
769 441
662 18
943 480
149 343
25 985
389 344
708 186
690 925
877 541
859 62
276 449
256 131
422 272
868 800
997 887
711 666
927 617
566 187
402 868
76 147
901 334
765 281
547 602
787 427
241 165
518 457
136 215
744 12
742 555
34 746
458 430
817 849
806 167
330 740
916 611
748 178
960 595
255 674
56 364
152 831
834 295
304 870
472 28
730 821
903 793
544 112
619 980
253 718
70 908
491 89
19 574
529 125
70 31
697 967
37 174
274 528
993 360
277 415
789 929
50 43
515 975
808 67
537 523
41 948
597 727
177 180
178 327
469 836
861 194
831 830
297 595
27 662
874 351
50 781
234 62
658 588
444 898
587 197
279 564
15 850
995 837
757 307
150 451
478 844
375 688
301 813
140 749
660 404
59 775
50 766
34 219
516 999
684 385
686 467
104 779
232 320
881 629
474 389
312 344
555 500
226 454
567 325
848 265
78 434
688 162
925 139
564 509
600 942
488 392
552 817
411 596
900 720
601 624
854 386
639 1000
929 57
397 579
54 287
529 39
147 100
720 98
96 844
834 252
621 286
734 583
41 314
646 265
740 508
639 718
307 155
532 480
95 24
242 508
8 28
127 395
352 943
691 430
535 737
265 621
782 906
197 362
783 503
747 630
176 603
44 712
148 721
594 641
460 847
230 381
606 1000
338 210
799 355
638 473
529 891
178 363
692 351
241 978
884 889
991 935
261 880
245 257
174 263
747 195
984 655
733 108
770 22
866 591
139 306
546 561
620 222
570 831
234 165
656 216
789 155
599 564
163 880
720 627
542 972
543 29
410 699
893 72
395 293
107 991
558 238
202 825
100 364
483 636
46 910
251 648
470 874
811 874
156 236
557 258
728 789
30 386
125 768
589 177
20 156
77 925
613 59
851 93
785 631
962 148
68 631
34 675
117 946
851 1000
1000 494
506 379
458 486
773 109
191 415
725 292
139 897
321 38
660 689
420 958
482 83
9 833
319 612
450 757
804 516
808 479
327 153
347 871
459 558
479 354
186 848
456 34
182 771
558 606
761 338
10 912
389 647
601 441
515 873
649 531
118 960
676 316
549 10
722 859
22 154
581 377
175 488
70 246
62 326
386 209
903 404
276 676
249 881
805 555
184 900
370 743
831 886
763 872
750 770
479 51
354 971
177 478
591 199
59 990
262 209
980 590
250 879
515 451
845 888
258 552
794 662
746 143
506 872
319 621
58 141
77 95
261 296
299 237
221 479
798 193
768 916
879 30
826 150
989 682
556 19
546 25
986 464
915 852
723 257
216 103
545 471
912 958
397 570
215 791
473 428
953 122
425 305
815 612
263 765
69 898
674 804
983 274
766 848
995 952
950 601
204 155
959 773
526 920
801 175
126 548
822 803
38 22
404 32
248 842
134 517
359 590
334 824
351 250
929 700
434 242
326 428
420 801
772 30
499 1000
545 908
782 834
343 792
749 757
535 414
197 535
520 173
329 75
554 628
64 488
301 405
908 131
13 481
948 652
533 538
546 175
684 599
876 414
735 597
900 958
776 740
128 915
625 875
55 72
422 853
374 774
631 783
756 26
370 493
334 176
997 848
85 886
930 107
909 666
713 361
860 200
73 650
347 39
609 328
2 662
719 775
172 202
437 218
152 422
637 11
358 628
608 383
114 200
422 273
307 341
464 39
648 274
881 754
266 357
161 25
623 57
664 432
359 487
975 892
564 393
843 754
420 641
312 10
138 906
233 520
380 361
878 472
294 195
830 95
858 249
783 79
952 201
792 562
743 891
880 347
184 290
413 427
251 474
677 298
878 677
718 958
866 245
44 857
406 272
246 83
818 880
175 221
72 658
917 908
790 394
524 546
190 570
145 363
593 424
226 374
231 235
912 147
554 616
116 740
219 528
74 955
83 193
970 843
610 729
438 173
46 294
827 63
367 366
149 39
228 302
361 65
181 502
675 240
132 917
877 282
125 525
962 636
391 844
901 655
573 866
426 289
392 401
375 838
565 818
459 427
828 784
261 241
869 108
29 117
716 461
717 40
593 90
81 270
857 413
622 159
180 118
256 398
913 631
207 863
446 401
947 652
734 984
911 105
994 753
652 847
389 895
651 612
854 109
924 130
549 721
679 338
403 687
117 767
557 882
818 562
1000 657
194 376
913 270
610 944
847 909
526 114
202 174
610 803
900 419
615 566
999 983
752 16
758 26
979 347
597 904
108 203
713 936
154 47
874 414
953 997
767 62
344 576
606 888
936 132
865 34
439 115
779 766
671 804
214 817
767 143
14 877
625 674
63 564
713 199
315 303
836 152
484 430
950 135
110 480
927 252
348 301
243 1
171 300
318 608
637 465
270 656
58 246
521 758
498 465
851 431
923 970
301 562
533 152
198 918
452 418
825 840
988 748
423 99
430 626
961 60
768 56
381 501
955 586
320 703
200 569
384 672
739 620
371 560
692 318
512 172
768 326
843 698
436 252
829 611
498 917
389 194
191 330
357 44
839 334
821 207
548 905
679 225
493 910
991 147
920 560
26 739
479 79
111 461
726 68
913 345
201 607
809 792
708 63
212 313
854 248
365 485
277 643
766 883
892 538
186 420
972 418
294 690
178 91
316 510
718 865
700 308
796 839
156 550
94 32
713 490
554 913
607 404
19 855
520 912
6 655
631 562
19 579
874 261
606 852
611 574
153 122
106 58
380 589
286 948
864 386
239 506
521 935
900 874
206 241
372 153
689 233
174 403
803 97
533 840
223 790
224 912
261 629
586 962
879 315
936 557
663 586
794 663
499 135
86 613
432 892
819 888
414 188
241 460
222 132
480 616
119 487
101 40
647 477
234 459
197 709
772 933
411 583
711 688
34 994
301 267
612 267
891 340
638 739
142 836
968 971
219 339
536 143
920 878
579 211
659 203
185 336
313 395
219 654
531 5
159 972
646 470
748 1000
606 474
165 144
863 457
386 735
773 977
474 810
597 253
502 115
530 198
786 92
145 108
592 275
350 39
117 344
201 853
990 87
264 413
151 690
767 259
252 844
326 79
790 350
519 884
57 147
301 259
286 745
452 753
852 407
918 432
255 204
814 195
193 523
535 781
433 7
11 771
486 99
537 335
221 206
996 724
210 97
746 959
505 619
534 44
594 251
41 649
859 741
200 38
384 189
737 257
152 137
667 762
335 920
319 295
780 827
529 765
163 586
784 461
772 778
366 241
224 666
721 293
686 548
68 795
272 768
175 531
320 840
180 879
46 822
347 373
938 304
223 462
445 960
262 766
856 985
105 427
308 72
784 67
651 746
854 471
929 908
863 271
593 287
835 496
725 362
854 70
621 457
56 511
647 623
347 640
223 125
669 883
361 500
302 388
697 378
57 539
991 120
78 899
929 607
554 164
937 52
829 510
117 316
210 622
952 919
795 35
299 848
130 478
222 872
916 636
3 229
760 446
978 653
866 537
642 208
628 765
349 492
867 627
561 268
944 660
211 503
641 660
514 154
263 93
757 384
743 109
833 23
547 222
403 986
309 703
847 179
150 449
577 939
14 11
180 908
606 590
3 673
885 413
176 219
251 625
457 710
614 81
745 123
964 147
948 362
198 939
916 94
523 148
462 736
267 978
582 499
320 852
309 228
789 682
792 194
596 968
247 440
564 366
468 571
837 862
217 893
218 174
511 615
995 298
977 843
856 548
912 790
307 876
437 753
520 347
294 90
29 263
255 755
293 402
131 459
169 156
460 389
130 655
924 20
799 920
322 418
350 108
244 759
539 233
984 166
674 702
736 775
238 275
233 971
448 99
946 222
883 90
676 395
967 372
992 608
974 688
559 94
763 499
196 528
749 700
964 156
182 583
147 503
441 888
683 722
980 112
156 626
585 832
782 682
364 493
790 241
573 255
280 634
558 141
540 663
101 750
158 639
109 921
150 131
396 263
291 43
516 528
866 589
704 272
140 828
414 423
771 994
738 627
419 548
326 738
370 306
722 31
709 730
444 889
970 237
638 923
451 79
769 118
347 110
183 412
661 226
354 798
137 764
818 245
506 965
837 655
125 173
788 69
704 732
561 837
284 740
450 156
346 93
242 90
617 190
854 317
949 103
458 514
350 524
298 107
280 498
800 761
982 209
105 611
927 688
327 484
517 180
124 26
942 835
393 262
762 180
739 537
554 459
705 813
411 934
86 228
126 817
388 844
809 799
277 785
494 521
903 957
761 630
216 189
899 810
717 527
810 371
584 860
288 393
217 277
493 576
722 305
10 926
250 215
732 727
796 976
439 462
718 870
973 967
411 482
268 425
608 604
398 540
516 327
679 693
690 78
261 326
377 185
58 19
107 480
518 498
803 574
19 854
321 317
442 263
577 704
448 924
606 939
642 412
359 183
796 661
217 892
624 436
917 391
166 901
127 939
693 962
860 119
36 401
202 633
498 272
426 565
63 952
45 221
48 79
733 986
401 881
680 388
722 3
280 18
319 147
546 309
414 189
219 7
366 218
530 385
872 790
582 686
919 945
389 498
670 29
358 985
17 963
694 903
408 310
864 958
830 327
82 181
119 260
445 143
86 951
878 83
533 380
156 259
47 943
939 617
544 683
927 660
731 319
796 348
796 369
29 350
847 806
5 151
230 876
104 400
92 837
678 964
799 848
913 102
515 822
429 828
472 289
724 471
248 264
286 750
14 665
947 866
37 280
420 400
168 201
867 457
227 614
512 894
310 355
297 628
412 452
455 799
996 725
888 438
524 124
752 909
343 350
108 443
480 440
906 652
873 311
581 14
345 878
271 530
441 323
903 41
686 331
465 453
817 168
621 866
111 960
495 97
485 133
778 213
525 584
999 352
414 153
417 171
77 65
560 101
120 476
747 713
531 612
91 173
458 888
670 121
547 718
150 579
123 286
494 133
276 692
216 569
787 428
165 448
113 919
204 42
795 585
833 446
227 155
967 847
695 764
735 307
256 595
935 173
778 760
490 858
217 2
324 866
369 847
317 487
531 145
751 554
724 268
481 742
136 391
264 348
874 887
766 825
336 613
126 728
255 316
735 102
614 893
979 464
127 288
140 326
948 477
454 98
865 457
580 820
890 17
793 517
614 607
575 943
210 657
28 546
160 574
595 382
524 770
961 632
729 452
322 946
325 802
681 361
729 629
513 416
948 785
534 94
884 919
477 327
25 126
392 855
619 418
802 926
430 967
624 508
386 441
775 945
63 611
907 249
410 563
15 972
765 463
902 316
405 252
819 770
750 538
649 277
958 615
319 171
157 159
723 722
437 60
848 381
976 834
613 179
669 302
256 354
167 116
416 376
289 238
473 377
582 709
790 263
319 798
68 542
752 711
14 651
94 538
464 291
123 102
285 779
415 876
752 598
273 835
290 611
773 118
385 861
88 894
566 599
273 988
157 922
97 752
62 342
599 405
571 1000
131 347
668 18
464 976
369 407
493 603
204 530
316 180
463 775
9 516
315 191
55 792
970 169
370 909
973 802
965 850
74 117
511 152
867 432
889 72
525 234
763 611
657 434
509 423
808 34
274 898
101 749
987 708
288 810
182 358
535 166
576 445
461 661
63 673
266 901
494 202
185 563
349 352
595 120
63 566
45 103
511 467
551 733
552 325
382 504
699 22
576 347
600 593
461 762
712 907
398 535
868 14
555 567
192 404
6 237
907 114
395 294
370 130
208 297
560 94
639 316
64 781
393 240
11 278
983 180
930 32
894 369
146 627
720 404
39 252
105 320
358 562
181 27
366 25
635 976
563 681
550 588
308 146
812 600
129 609
423 835
485 518
33 141
270 210
56 90
185 314
977 950
338 956
548 907
892 238
751 652
807 942
611 313
21 789
599 456
450 833
52 957
1 51
829 323
61 953
502 21
740 493
622 778
381 936
241 782
169 8
835 735
485 986
677 224
606 286
700 327
968 715
47 775
362 394
516 177
278 132
709 672
370 391
336 880
757 474
306 324
435 843
914 519
935 578
831 994
153 207
178 266
896 609
311 106
788 550
296 592
832 674
906 745
68 252
180 982
931 54
823 124
628 468
613 408
120 227
360 306
806 46
680 389
664 778
632 898
353 611
542 815
285 286
747 607
769 81
988 835
298 667
426 340
445 728
135 380
87 7
44 91
906 45
941 483
375 776
881 299
216 687
90 136
932 793
845 40
497 186
80 110
454 552
711 103
372 893
800 774
817 728
995 660
943 430
189 294
562 768
82 822
263 783
216 380
179 368
653 552
51 170
41 384
978 867
208 639
762 826
643 290
693 392
558 950
248 555
288 406
844 699
663 913
231 371
748 31
288 517
476 378
645 567
938 579
353 225
889 407
62 731
168 202
794 130
304 442
802 665
178 351
876 266
366 712
922 110
117 154
447 521
452 913
879 522
844 895
849 547
922 145
45 30
908 350
729 649
567 185
839 692
516 195
115 230
760 241
135 45
836 846
140 709
713 157
10 297
231 533
567 95
703 655
315 710
319 182
232 360
361 132
414 158
841 690
836 672
58 172
685 769
100 295
586 710
797 636
846 812
685 658
502 614
907 664
603 9
314 557
308 219
492 584
38 964
356 239
48 680
530 612
414 971
844 132
961 352
281 790
545 869
213 467
270 770
750 42
678 775
19 134
739 823
958 23
285 983
626 479
810 22
846 744
652 821
959 907
429 748
305 335
658 482
770 680
471 893
865 750
296 319
169 55
667 336
78 897
635 452
230 920
570 832
972 405
634 148
762 961
544 116
856 390
325 845
758 61
209 976
957 265
117 988
549 207
352 451
762 274
802 701
451 537
378 539
537 696
757 29
796 687
693 773
823 134
719 787
448 628
954 194
431 340
3 530
575 877
244 486
12 476
649 195
946 713
480 308
851 295
814 665
818 146
432 183
569 602
354 888
10 92
507 346
881 617
664 241
230 427
211 930
105 363
640 106
492 541
976 210
248 962
47 685
570 854
552 821
605 213
43 954
261 15
834 835
194 34
985 725
379 98
863 732
5 10
57 845
70 544
404 892
949 312
541 249
174 514
964 736
948 237
470 377
588 52
772 435
921 927
703 325
635 115
138 655
415 909
238 628
446 377
700 219
946 333
782 31
682 339
64 134
174 847
302 128
503 513
640 867
98 509
853 379
31 979
490 371
291 894
348 885
495 518
4 409
947 363
487 98
184 893
351 755
373 343
619 99
323 574
783 774
168 273
22 476
106 197
345 907
618 930
271 548
789 167
738 625
872 547
564 921
818 441
175 788
107 578
56 688
128 205
224 870
430 706
805 661
366 828
703 389
495 408
405 896
51 255
837 653
911 394
215 41
732 373
264 763
410 857
565 787
432 945
342 404
659 466
169 546
480 941
752 661
609 960
403 385
423 834
194 6
929 985
267 734
455 173
203 220
459 182
703 155
906 507
771 583
363 530
41 24
701 422
518 292
914 249
526 819
431 437
970 788
577 233
703 377
946 414
628 191
448 879
418 175
677 943
386 792
283 384
620 495
157 828
107 196
516 178
644 911
229 84
210 711
102 505
670 959
607 256
416 415
818 25
31 836
624 200
698 579
2 74
758 775
361 339
822 736
130 166
815 939
653 314
656 98
658 656
254 113
573 483
525 320
582 371
343 293
471 208
953 593
224 915
996 529
153 409
543 108
860 224
509 910
495 79
888 233
390 41
216 914
984 828
841 661
572 515
59 688
760 803
376 556
216 769
289 75
567 280
509 720
684 194
29 905
779 443
128 358
864 944
973 242
708 865
552 781
402 908
22 228
830 468
99 298
428 696
583 516
450 896
983 302
365 19
94 467
424 763
740 33
467 703
126 960
793 765
806 188
977 546
299 570
191 504
213 16
951 774
381 986
347 726
762 827
9 865
874 785
395 648
468 962
199 946
438 750
467 211
939 635
613 608
27 69
299 984
235 998
58 55
753 530
257 728
649 644
826 312
481 442
407 918
320 120
430 493
843 372
992 554
204 682
300 553
157 976
504 884
128 730
315 172
379 977
473 540
151 371
597 687
335 839
233 261
367 342
46 944
119 817
396 600
570 383
476 980
160 151
103 193
508 383
7 589
110 415
917 123
385 282
280 112
7 135
975 36
984 792
452 342
971 718
651 944
580 106
618 293
559 293
532 619
788 127
493 271
510 695
683 355
439 745
467 908
855 33
379 232
271 976
333 311
281 868
688 605
706 162
570 917
118 465
587 378
660 646
313 533
95 54
758 272
460 499
9 669
363 805
71 235
827 681
627 875
837 129
188 485
675 973
348 739
5 634
814 256
395 914
838 506
918 290
810 619
886 406
286 712
477 163
444 300
746 764
935 890
918 12
83 197
586 212
418 802
612 852
461 832
305 313
870 228
562 173
619 420
698 861
456 64
764 767
861 750
618 212
904 20
920 382
479 765
850 3
957 829
82 409
390 102
907 72
836 50
306 140
751 321
474 287
989 460
237 665
542 868
727 312
54 130
954 916
4 627
276 248
869 7
376 612
964 301
290 300
818 739
116 622
39 640
321 921
233 718
326 719
994 939
275 683
602 164
697 72
773 227
425 269
105 533
679 249
919 590
61 802
781 553
798 729
820 49
454 787
449 177
514 791
142 204
398 890
666 970
61 4
425 446
383 233
626 612
834 439
601 416
17 247
71 316
481 374
573 26
979 499
779 903
690 214
508 797
342 753
145 331
577 328
944 597
448 772
856 129
75 615
24 979
131 793
903 431
154 90
193 752
984 825
179 517
145 629
663 495
704 228
633 194
541 975
859 512
749 876
319 410
46 326
158 796
24 824
318 582
945 936
968 23
343 497
112 861
498 378
64 912
414 68
381 175
310 149
422 627
557 236
171 433
686 496
101 48
673 919
667 53
453 820
425 674
663 768
217 700
894 710
532 77
91 151
57 43
529 449
259 253
691 932
695 414
121 940
285 203
196 635
699 581
540 583
468 256
775 488
639 907
198 711
125 801
882 920
20 511
422 63
982 71
160 10
640 260
626 405
113 46
995 216
852 567
264 56
999 640
29 488
967 166
92 892
74 723
114 720
777 510
687 871
484 546
502 462
256 827
520 88
577 153
208 548
282 823
195 830
611 102
294 694
153 514
830 964
615 598
174 872
784 748
213 974
931 623
161 867
844 736
794 771
316 457
67 853
283 304
156 546
857 859
70 88
400 116
240 883
222 807
167 246
687 155
14 563
455 935
974 941
178 264
549 279
36 190
239 401
59 247
651 459
541 979
763 879
233 296
806 502
323 827
699 52
670 316
632 17
387 970
281 339
615 248
1000 683
530 954
158 907
175 811
949 900
417 275
160 763
271 729
916 162
257 379
722 774
24 26
632 239
760 804
309 550
245 804
928 752
432 975
550 556
55 551
539 982
333 385
103 795
878 231
368 604
203 936
591 518
425 427
191 180
229 833
665 561
365 257
545 91
713 797
56 120
781 736
449 95
472 232
90 347
313 504
482 385
634 702
251 324
144 634
17 268
682 502
581 85
578 167
27 215
195 909
507 943
169 106
478 252
156 864
389 874
622 663
212 167
813 962
151 63
706 690
305 747
162 852
342 718
715 416
257 584
957 483
151 428
862 582
874 579
288 630
400 80
757 150
463 31
908 184
50 144
583 510
885 495
537 674
899 455
774 721
923 477
690 448
139 330
330 499
594 868
900 955
280 804
82 144
282 382
188 612
483 646
907 222
980 504
323 791
521 848
632 45
831 631
854 956
582 495
328 974
493 492
220 292
99 150
147 674
312 322
555 398
668 679
580 107
871 596
17 787
470 151
290 265
994 789
223 421
918 655
545 261
331 164
362 850
351 257
423 180
191 168
178 761
910 702
52 162
209 505
561 620
247 65
752 557
682 200
699 762
595 533
475 208
247 246
584 202
180 189
554 398
178 209
139 972
36 604
334 793
562 516
389 568
926 504
823 821
571 830
312 587
390 878
652 533
264 302
1000 600
804 680
753 768
610 139
403 997
551 981
305 791
287 387
292 491
222 876
938 549
574 74
156 618
395 994
1 431
273 450
796 923
871 470
943 965
583 482
876 360
823 275
171 393
885 214
323 475
129 444
219 821
970 711
560 13
901 839
205 378
22 272
564 903
486 365
987 264
589 468
851 297
690 601
656 329
620 666
569 600
401 830
536 271
738 845
426 411
45 656
735 803
764 973
877 618
390 129
673 891
176 317
695 398
24 193
122 748
487 63
124 50
968 952
521 264
930 364
311 620
373 590
501 569
564 281
468 694
198 392
56 48
961 499
928 228
964 738
189 571
916 525
829 316
190 204
911 802
601 133
892 412
658 452
404 638
346 552
389 540
572 497
735 71
792 817
924 310
801 549
884 763
607 153
314 592
169 307
373 51
102 467
804 339
423 163
22 240
919 98
657 378
583 305
822 619
54 513
827 771
205 939
80 944
102 317
804 49
550 533
442 222
745 543
111 369
567 882
680 142
3 483
119 843
944 259
673 731
492 454
534 584
182 135
241 761
332 528
116 143
619 272
124 658
289 835
327 783
453 592
862 948
920 347
300 453
176 251
312 395
573 784
632 212
280 169
466 620
161 250
586 179
767 718
915 977
42 687
205 209
927 926
169 544
485 434
258 374
976 79
797 47
836 44
859 282
776 743
720 68
95 836
242 312
406 913
812 620
545 47
583 691
677 570
731 326
156 277
187 802
441 498
329 533
196 414
388 410
62 369
501 319
212 326
798 581
786 117
876 552
159 718
877 325
331 289
169 414
409 431
173 446
320 30
566 963
236 482
588 655
957 478
135 518
616 576
376 293
726 517
430 70
53 933
862 453
476 256
101 701
894 59
100 964
107 484
7 122
461 549
556 541
583 426
540 954
549 278
1 256
833 96
330 965
55 415
79 251
577 297
852 313
945 233
948 170
167 612
741 591
633 334
46 669
48 244
301 222
603 610
289 766
555 647
996 531
929 757
281 338
686 295
618 45
103 423
751 267
680 392
718 192
918 902
647 60
91 468
42 752
419 301
923 941
232 158
733 526
190 148
276 177
243 318
669 294
427 71
161 119
398 324
860 439
811 221
5 174
63 120
816 183
912 948
513 843
164 769
695 615
114 384
721 232
483 205
74 330
289 260
220 820
502 938
928 189
503 135
711 354
566 611
548 938
311 880
242 431
201 785
692 61
507 817
937 178
645 129
683 850
387 145
677 304
754 421
627 913
277 674
963 210
62 508
486 728
251 421
839 220
625 336
695 865
937 108
106 404
639 371
754 647
295 915
331 602
210 681
265 824
784 856
692 625
678 388
365 887
918 503
10 920
71 549
296 785
23 838
338 148
926 557
257 154
407 596
163 208
515 263
699 482
900 304
314 76
331 998
499 72
29 551
581 10
572 707
674 303
893 921
966 591
275 712
976 971
465 74
231 615
340 986
812 496
335 645
873 230
637 5
674 497
482 828
509 754
772 902
967 264
869 114
925 160
45 483
835 992
33 432
560 327
822 986
270 391
240 387
995 309
144 697
659 234
597 442
924 158
322 296
894 536
916 618
4 108
812 971
249 405
400 76
856 187
605 880
121 367
456 857
76 375
64 388
468 992
507 586
456 936
218 523
222 51
418 618
616 506
84 176
411 128
412 767
951 522
572 349
937 72
757 855
259 84
173 390
979 144
840 669
951 699
837 210
714 13
589 911
914 571
883 654
341 797
315 202
813 711
135 991
410 234
582 12
193 401
303 613
861 219
699 288
483 909
799 352
546 693
569 780
103 87
534 82
811 699
227 256
480 489
154 870
339 286
16 779
36 326
385 90
115 199
900 815
340 956
567 15
341 227
150 437
707 920
944 70
690 598
110 441
864 173
883 123
332 979
877 617
271 784
536 447
706 158
216 763
920 909
868 963
753 198
854 14
836 353
116 463
548 701
769 696
78 642
312 189
555 139
96 724
540 637
48 599
476 987
60 666
302 758
9 76
820 140
398 94
790 876
929 796
967 188
414 708
454 785
769 971
991 202
234 900
619 651
248 564
87 765
443 593
763 168
929 638
749 405
142 381
625 143
808 377
296 173
486 736
913 34
397 145
684 875
352 644
139 669
37 764
448 151
107 702
847 350
961 943
11 608
549 224
698 682
2 101
352 482
353 927
460 981
457 899
841 162
126 180
990 477
118 520
908 464
949 652
235 492
612 842
993 216
138 327
714 586
16 887
860 104
571 231
793 33
921 20
614 187
375 621
945 942
709 157
432 199
505 919
803 472
479 723
560 195
102 894
909 732
615 245
788 467
347 101
129 810
729 36
548 499
204 313
557 379
650 431
397 958
897 350
898 689
875 469
77 871
898 449
337 762
156 346
147 741
251 92
803 997
618 940
32 455
521 5
264 58
179 393
986 579
576 563
632 879
963 521
621 29
507 901
805 470
130 718
847 623
351 796
152 894
246 98
247 991
142 345
757 900
304 692
247 588
982 513
676 468
288 509
141 653
743 492
47 341
50 27
213 957
896 839
936 72
40 29
738 236
297 498
745 728
247 658
529 207
292 179
44 460
540 457
615 903
227 990
619 64
118 955
468 476
72 797
472 372
559 716
926 577
50 972
822 662
606 745
352 236
832 678
371 41
816 234
909 623
822 432
716 915
885 662
722 252
426 449
375 998
267 819
286 109
159 481
966 868
817 353
161 133
215 974
829 846
812 412
431 534
413 487
695 497
169 515
764 212
345 322
610 718
534 928
21 595
209 403
639 937
57 807
419 904
539 615
167 286
632 685
967 341
506 422
701 455
21 821
522 714
943 382
910 109
951 771
199 30
610 899
347 811
612 306
977 688
411 54
642 729
438 749
274 258
852 811
730 395
173 336
259 123
852 154
881 380
107 165
880 99
908 811
754 791
353 86
282 90
235 150
36 77
663 416
889 245
451 462
982 894
474 629
4 852
495 793
42 419
977 939
553 911
300 217
659 994
895 280
462 830
23 551
67 655
586 913
275 602
122 917
396 554
695 134
845 789
974 75
171 362
542 783
232 364
476 89
860 374
310 851
37 953
814 611
963 103
964 308
806 531
664 8
210 751
884 483
595 624
871 679
485 376
129 753
437 517
949 41
27 577
879 168
898 889
973 147
151 699
84 662
30 364
750 447
977 865
264 916
375 14
857 315
821 144
53 262
327 427
916 644
498 983
669 988
543 935
566 588
215 534
422 212
982 508
606 440
346 594
843 965
810 165
653 729
360 682
861 534
458 27
477 877
763 380
783 411
199 800
516 230
334 569
616 522
828 167
222 850
83 915
317 934
435 551
673 759
754 827
205 901
540 386
672 522
326 847
188 526
832 960
742 327
874 327
126 232
474 585
36 240
793 987
978 425
137 927
905 997
875 819
514 7
314 97
477 499
996 581
543 144
980 542
547 85
680 434
557 116
885 615
888 802
604 49
876 814
699 239
917 156
367 85
337 98
375 942
397 776
453 668
538 820
704 758
320 827
732 284
315 964
318 485
356 56
674 133
588 451
453 958
987 320
664 403
424 920
834 863
899 649
609 809
809 910
603 25
946 660
566 441
187 792
648 790
260 68
355 94
249 455
925 342
198 504
787 173
682 61
939 422
977 623
394 927
528 843
29 434
933 204
807 743
192 848
304 826
377 468
843 211
316 177
210 588
445 275
361 968
224 464
226 162
444 237
436 873
121 72
896 892
39 481
934 968
489 78
61 340
407 840
598 549
62 424
362 181
974 596
353 926
540 486
597 755
66 567
362 196
331 835
373 452
988 167
439 249
577 536
449 889
318 581
340 977
765 149
638 925
875 573
953 283
256 37
794 601
63 864
335 719
729 882
272 831
169 661
526 763
551 892
656 597
622 352
94 729
220 524
613 35
300 549
973 846
407 771
494 326
551 795
267 722
23 153
806 261
384 598
294 233
924 848
325 717
640 263
313 481
448 264
564 110
70 723
222 494
151 822
745 720
139 790
484 557
967 48
293 1
991 446
459 793
748 161
342 566
19 529
331 291
648 511
154 360
728 141
896 937
687 184
37 157
884 528
248 498
502 443
378 893
641 923
308 864
668 361
832 106
912 62
175 496
550 676
847 418
432 311
20 550
286 580
940 417
171 978
465 305
9 1
728 713
770 498
276 383
24 720
97 302
297 828
500 989
854 443
414 389
483 674
944 432
621 888
767 910
935 754
292 624
77 198
439 995
116 796
335 562
728 822
875 537
492 835
990 555
868 699
523 69
11 297
57 475
768 311
640 86
513 984
401 550
509 605
367 867
406 849
484 909
530 637
233 651
380 238
535 780
313 291
665 566
560 300
9 58
427 359
47 982
313 894
527 344
17 743
111 479
39 338
807 901
809 507
549 513
346 716
661 659
541 189
212 757
456 831
40 958
278 488
597 134
501 273
714 754
75 228
648 12
189 116
17 35
880 21
240 948
810 480
118 949
627 579
66 528
412 516
197 298
880 100
169 265
577 388
135 612
317 897
46 193
748 427
107 53
70 187
918 501
406 217
942 511
639 83
475 422
280 696
944 751
597 683
176 889
193 701
158 697
412 857
418 794
771 770
97 473
758 918
337 458
894 246
326 514
276 275
519 305
613 412
965 361
897 985
36 435
983 835
340 967
600 526
486 471
375 633
367 48
354 849
392 622
444 831
823 954
893 8
528 198
931 311
129 785
223 529
629 574
777 925
138 193
157 163
447 379
485 359
163 767
937 720
795 734
1000 112
30 365
858 114
548 746
534 845
294 166
337 705
913 504
470 487
164 694
942 893
906 447
29 316
160 53
344 274
504 728
632 159
378 241
606 441
402 517
402 289
39 596
302 510
882 571
970 300
274 359
352 523
459 801
905 479
354 778
692 817
985 945
628 951
113 422
540 253
869 871
156 758
97 170
671 554
874 418
130 72
793 696
669 444
279 361
227 904
488 648
127 931
193 665
638 309
430 862
72 854
349 225
182 271
755 763
689 217
932 267
510 283
966 778
595 211
997 747
854 876
980 543
750 941
932 666
625 920
112 821
24 439
7 86
963 292
343 94
866 32
243 218
906 908
10 89
896 106
381 376
717 510
848 371
439 600
264 708
142 741
898 683
958 843
817 569
472 534
384 732
17 813
975 856
579 3
427 286
670 238
694 752
843 662
699 682
21 906
5 117
446 409
677 515
968 665
30 450
468 800
18 19
592 180
186 813
32 155
40 886
539 332
740 731
748 502
173 710
925 631
485 928
236 106
517 285
810 297
454 723
193 571
959 648
321 748
947 80
767 371
182 687
535 361
629 382
666 744
211 205
490 380
622 573
700 415
577 332
944 585
509 417
130 44
956 224
408 438
65 912
874 297
638 454
503 979
781 257
241 924
681 335
556 816
230 448
391 228
598 772
710 962
270 975
487 383
590 660
992 163
584 660
663 344
645 957
851 232
635 873
470 534
291 417
369 151
25 205
558 481
512 713
965 289
785 699
571 86
898 506
556 258
849 264
957 861
447 435
915 613
959 340
493 322
845 173
774 107
299 9
428 435
911 262
308 233
717 115
742 910
230 167
217 817
383 773
967 892
398 393
345 6
734 552
772 269
459 58
355 125
639 661
130 605
424 672
494 528
407 171
606 369
735 23
403 576
195 588
563 350
69 489
224 221
274 687
369 619
69 378
16 378
793 598
518 869
154 408
356 966
61 375
45 786
33 842
748 471
514 315
371 412
649 756
672 563
729 518
275 866
461 691
597 519
232 709
249 745
709 181
197 137
300 134
921 844
42 989
998 196
909 621
659 678
225 562
79 395
543 504
254 935
785 704
383 769
449 535
394 176
324 689
147 344
276 188
884 393
928 611
416 311
364 533
132 403
657 756
158 331
471 640
354 924
591 691
650 163
320 514
872 111
981 851
618 639
646 319
766 836
991 255
761 682
523 657
527 121
51 176
571 953
553 726
165 152
208 629
877 701
972 367
577 121
133 459
173 526
119 545
621 144
108 101
952 899
888 513
575 547
210 533
290 394
853 333
914 323
444 150
732 545
272 15
959 691
974 610
480 226
987 661
421 563
64 201
979 121
547 349
949 835
917 307
461 855
499 476
690 335
528 126
214 881
234 83
415 186
596 341
442 4
461 808
633 367
587 781
49 174
806 932
241 646
711 985
430 652
879 359
755 941
974 73
281 476
40 98
122 448
12 532
665 326
685 891
615 510
543 365
949 134
16 750
538 623
833 661
872 429
449 364
877 737
530 719
968 896
315 811
569 508
119 804
330 202
14 230
161 370
713 829
165 346
763 605
617 409
602 495
821 783
454 808
792 571
635 109
66 800
565 266
566 765
246 57
139 849
654 80
674 658
865 593
592 503
57 114
478 220
351 854
580 651
658 254
786 459
718 822
923 238
155 152
302 217
870 832
148 711
408 556
411 419
642 317
571 385
329 110
754 825
738 146
405 855
557 544
865 29
404 911
82 225
396 283
728 519
938 211
965 187
750 963
822 348
360 802
206 49
957 967
444 766
374 891
755 792
944 121
718 63
702 640
974 421
703 681
634 790
493 349
630 934
564 734
996 308
246 959
580 75
963 771
121 810
920 912
542 11
176 384
873 609
747 827
555 140
575 193
152 681
367 588
15 62
227 613
94 541
664 260
403 472
445 877
29 366
644 349
847 886
39 277
817 875
213 98
147 844
460 445
668 250
503 505
929 642
416 827
843 68
75 222
593 541
406 346
796 86
771 368
338 844
373 910
624 964
752 9
550 476
165 946
59 403
829 139
245 68
652 388
946 169
801 682
525 227
309 840
141 581
476 175
421 634
322 34
395 147
804 61
236 965
168 279
272 373
202 762
421 860
499 404
617 729
391 116
417 409
435 848
794 265
103 447
219 130
419 452
591 154
719 849
189 998
121 740
988 858
417 251
401 798
10 122
569 745
474 111
189 844
461 163
579 448
878 204
915 834
954 804
539 894
647 267
741 124
742 911
746 450
360 153
961 252
110 37
812 729
25 697
782 385
507 203
808 796
754 72
210 315
199 166
991 154
32 850
541 215
134 535
726 93
9 847
284 215
69 583
820 385
144 930
222 35
499 790
243 896
482 216
134 817
568 329
681 238
754 524
10 902
66 522
90 846
182 648
808 231
37 155
339 927
526 369
361 571
197 453
875 343
628 543
990 130
978 698
434 776
862 344
404 976
576 97
353 952
390 743
980 259
704 658
383 716
663 270
850 275
311 507
961 682
391 203
448 515
358 58
110 683
854 826
836 849
653 389
533 863
880 661
370 511
922 422
472 642
30 187
552 695
297 809
667 646
927 856
31 279
642 984
720 472
7 814
410 788
267 901
713 597
181 215
4 560
544 965
981 624
746 407
512 99
904 461
10 776
247 459
360 245
256 464
459 251
901 480
388 181
686 866
289 727
503 18
259 672
260 399
621 476
401 215
420 629
773 951
5 477
688 721
47 822
817 947
910 112
326 267
238 583
22 624
978 858
134 642
86 395
398 823
173 525
635 430
305 669
765 831
895 880
878 518
183 596
518 951
652 509
378 812
253 656
307 360
700 465
463 117
818 932
1000 799
348 827
412 807
796 979
744 194
429 214
845 390
625 519
115 977
315 19
137 791
561 940
379 836
533 913
534 74
780 206
31 68
270 900
994 637
864 423
202 562
797 909
50 638
471 242
135 615
993 886
152 146
29 724
730 579
71 523
401 853
720 565
258 514
703 692
778 221
870 431
287 669
845 227
10 50
267 929
864 995
539 905
242 11
42 68
655 983
603 14
249 783
659 272
53 97
42 498
78 460
493 967
962 163
194 217
197 163
53 146
539 727
385 728
545 122
322 181
180 11
952 100
688 622
285 976
252 677
551 405
790 823
886 812
321 996
412 469
705 926
669 763
981 57
37 113
205 691
648 42
744 563
193 339
785 119
904 771
184 761
409 276
173 275
605 304
782 171
292 103
809 283
577 279
409 133
312 780
728 869
282 594
5 901
715 869
291 169
2 12
221 184
439 795
376 63
84 880
158 667
710 996
159 102
157 577
158 810
992 8
721 590
849 401
645 1000
45 140
364 971
110 466
59 784
794 677
614 98
906 827
546 258
30 243
140 631
381 133
917 153
817 349
546 373
512 269
752 898
439 602
831 372
138 227
718 153
506 537
968 814
876 975
327 725
95 585
349 841
760 720
941 517
891 422
768 197
498 730
794 793
636 466
677 688
787 464
990 585
333 678
688 443
262 610
368 578
657 588
200 741
350 827
422 100
575 422
191 425
810 245
170 340
290 88
445 78
781 290
511 989
118 209
943 416
123 717
239 967
40 775
636 517
714 843
705 21
352 664
487 156
1000 968
654 335
287 354
235 53
827 937
311 376
495 527
377 164
692 565
105 207
760 483
226 387
562 105
637 931
434 756
617 591
487 377
842 344
172 471
700 296
177 431
55 394
477 993
940 972
85 835
102 995
193 901
432 251
569 526
272 532
152 202
546 294
34 242
146 984
600 108
684 88
413 110
532 768
972 675
665 317
110 187
627 463
116 584
1000 59
765 357
346 981
406 827
902 860
150 913
990 161
673 100
15 29
47 659
919 763
8 453
136 154
281 983
13 588
363 523
588 530
784 845
665 889
544 358
111 253
817 918
583 831
70 662
60 865
273 944
754 299
256 642
588 934
330 946
883 649
575 696
83 726
503 589
195 804
383 139
351 937
300 685
302 167
748 51
732 680
490 719
550 505
495 690
631 742
482 827
780 374
179 841
491 171
405 279
705 273
335 74
382 211
168 357
101 431
743 206
196 275
932 111
845 698
549 340
712 753
452 52
288 957
440 916
166 946
903 175
484 485
504 283
862 522
133 544
741 731
337 141
64 579
655 687
965 259
548 317
915 530
917 96
699 808
516 930
719 677
119 505
64 244
113 640
451 418
998 439
730 817
432 596
786 639
474 243
596 922
280 424
320 661
356 243
29 51
838 811
489 534
792 259
167 133
894 966
168 222
420 743
384 565
539 635
42 49
212 634
647 524
172 684
856 741
193 993
352 772
66 218
970 420
334 775
887 425
725 446
377 288
268 657
790 522
38 495
321 965
392 889
796 159
929 570
886 18
524 561
235 108
857 145
860 668
226 361
444 144
265 803
782 760
842 47
532 999
184 845
980 177
457 148
573 318
82 251
136 959
102 254
417 614
339 540
866 667
940 886
339 265
656 69
16 804
680 331
461 806
944 448
162 389
565 305
760 104
641 428
893 916
950 69
12 509
662 457
993 998
480 671
153 439
390 12
582 624
567 452
971 711
896 296
129 790
497 892
663 977
43 168
16 736
129 903
276 850
165 67
155 899
971 549
682 912
504 588
294 809
996 112
561 533
66 493
843 22
967 945
164 802
881 304
259 526
42 386
924 868
749 249
678 831
683 151
578 483
427 469
925 334
968 719
365 129
23 762
652 813
464 606
800 24
951 867
350 126
523 780
49 977
775 167
123 288
913 168
161 963
848 899
667 473
61 106
887 290
190 598
196 919
657 163
970 186
572 346
574 368
118 916
50 76
937 960
956 104
834 623
27 836
54 575
224 278
794 910
335 2
961 631
809 427
426 833
815 931
727 653
853 562
124 934
710 997
89 989
642 93
152 701
58 276
370 546
638 139
768 747
676 940
348 173
97 363
995 140
175 888
396 635
727 470
116 800
500 647
428 164
512 671
372 505
928 719
157 275
786 677
312 356
664 249
861 818
925 875
824 511
200 441
366 10
85 482
512 44
204 496
940 444
890 755
711 515
821 79
753 684
848 35
172 741
66 96
303 381
554 477
406 638
618 687
604 663
365 357
386 746
422 244
714 918
696 245
878 733
311 548
952 728
585 643
584 810
218 744
147 247
279 59
579 721
528 621
982 766
531 402
571 705
277 598
649 995
69 276
453 117
382 805
918 449
93 52
64 444
302 106
377 912
818 252
36 129
525 451
305 96
343 680
490 172
2 896
374 519
732 184
381 70
533 825
701 627
775 908
717 186
390 426
194 555
747 477
141 732
881 803
39 109
120 319
30 236
512 379
813 337
458 967
864 846
628 159
370 187
722 164
337 66
543 406
301 551
930 57
368 984
475 988
648 762
211 838
557 391
704 837
198 687
750 392
552 793
739 921
320 569
912 989
267 726
754 70
556 720
635 201
781 757
284 51
420 595
536 860
921 978
787 91
857 224
655 93
731 715
787 205
915 256
554 64
627 522
442 870
207 602
369 184
99 242
597 95
65 422
964 994
423 311
515 708
18 788
38 339
683 522
669 595
137 227
287 432
108 147
145 415
317 889
563 65
144 209
550 329
734 250
681 398
583 536
170 909
287 214
538 176
97 64
810 916
306 456
589 803
864 302
864 76
131 651
25 396
83 130
49 54
487 668
955 148
20 657
44 239
546 430
513 272
367 427
689 119
889 920
306 641
716 904
257 451
792 599
881 773
124 291
362 760
570 69
882 499
426 349
215 965
271 855
114 216
225 785
194 832
485 335
731 107
533 273
592 819
6 371
247 453
416 185
223 364
467 726
105 726
713 919
40 531
446 295
325 574
677 425
336 296
312 711
902 746
322 480
736 874
623 594
644 53
826 816
701 164
95 213
27 93
819 41
878 516
202 237
459 662
425 778
183 491
252 839
329 894
212 181
913 894
81 33
610 448
832 74
406 221
468 398
970 968
19 892
962 936
874 364
103 146
984 676
417 613
789 261
831 670
872 837
603 983
291 493
93 777
212 76
432 53
361 81
125 408
436 549
440 544
980 630
765 232
529 746
570 502
20 907
21 446
919 18
626 897
898 592
629 570
854 657
733 620
4 534
977 186
156 505
214 73
51 725
821 505
461 506
464 418
502 750
484 941
432 704
968 530
881 311
809 530
94 548
389 254
178 579
51 499
363 581
716 455
369 244
380 308
635 241
281 910
20 171
599 282
787 148
644 267
156 478
396 417
155 462
49 839
800 25
322 341
431 117
514 779
145 180
511 827
368 59
25 539
922 612
5 320
407 236
374 97
265 531
729 22
680 718
701 200
4 136
762 982
895 790
236 401
843 187
348 763
918 331
378 846
822 791
640 783
839 936
541 705
211 162
653 7
952 640
438 927
654 441
538 377
277 275
927 329
732 951
770 148
499 268
335 178
727 652
309 531
76 770
662 25
426 721
832 884
210 56
464 356
641 274
419 348
277 102
104 602
727 466
775 671
68 61
451 207
894 97
699 117
997 888
306 841
733 942
497 910
262 36
708 124
121 702
971 738
882 315
420 759
747 698
731 34
954 783
573 999
155 622
273 543
271 60
737 54
878 17
347 475
980 369
852 692
744 85
484 720
164 726
717 830
140 840
959 833
429 694
52 931
341 311
772 420
317 1
213 208
144 953
52 850
437 920
482 51
304 831
377 479
31 676
947 39
285 724
507 620
731 650
849 752
386 781
839 677
559 242
620 508
362 412
89 380
397 139
656 401
956 926
341 25
591 14
362 303
665 130
487 725
615 776
714 43
524 984
31 248
268 158
89 911
54 651
928 988
311 24
663 487
541 967
211 412
528 42
893 648
589 655
491 636
612 880
245 645
71 777
756 55
502 4
543 115
671 78
999 365
548 283
43 469
667 703
137 664
45 383
288 266
487 942
769 67
96 313
405 919
1000 739
12 735
271 882
403 170
384 99
650 425
337 978
212 794
873 160
33 441
270 446
881 669
622 798
577 321
319 983
712 369
416 158
167 227
207 918
315 852
744 34
816 671
377 959
375 92
912 990
985 312
724 625
34 692
139 19
928 864
225 219
541 35
658 257
52 16
350 789
861 695
865 700
22 619
762 812
763 221
435 166
950 795
277 663
848 957
606 260
827 745
923 58
815 120
601 388
32 921
231 257
719 476
847 651
705 358
961 796
587 863
156 570
340 463
123 969
89 713
445 301
831 903
942 484
410 810
50 228
987 653
515 114
679 831
277 331
889 227
211 459
267 365
602 824
234 470
789 480
865 90
874 152
434 617
614 206
651 336
798 385
456 128
276 491
564 838
945 972
902 71
125 100
529 464
722 246
980 14
23 767
263 300
980 706
396 915
401 767
367 253
958 549
924 717
907 281
376 565
967 681
393 104
497 807
439 668
691 795
512 102
823 570
792 150
904 496
90 469
798 89
321 26
347 402
494 359
721 225
685 582
892 142
512 132
677 630
290 590
937 409
792 436
276 525
905 123
994 185
838 971
895 654
569 198
784 834
848 891
5 474
613 693
452 247
933 830
819 187
195 885
865 585
683 984
978 1000
481 320
148 952
957 394
979 430
118 910
22 192
648 367
939 784
923 183
945 467
417 794
950 193
862 424
692 751
126 359
954 466
558 208
686 5
136 929
466 88
653 196
527 735
845 604
976 46
980 401
968 377
453 511
127 744
927 694
599 514
304 97
695 111
424 566
59 777
975 271
998 228
379 532
203 706
388 592
741 334
299 183
375 960
485 128
198 955
128 61
592 754
129 788
239 113
212 573
189 668
561 809
461 650
858 349
507 313
324 657
219 493
347 208
848 283
738 899
66 376
907 658
967 546
324 544
43 87
405 673
74 942
570 811
387 542
916 275
664 300
730 27
172 515
284 453
142 991
240 265
593 267
242 379
88 877
584 594
311 685
386 516
369 836
528 869
491 297
610 929
848 162
387 242
374 102
981 198
838 721
274 352
999 934
231 312
890 485
749 315
148 860
978 607
631 827
923 226
562 286
579 644
505 471
951 688
888 656
981 393
162 995
18 639
383 419
279 356
466 429
527 642
698 512
554 92
44 402
121 257
124 928
948 996
25 75
139 255
859 684
474 706
516 695
610 897
689 45
211 737
12 470
585 492
725 405
971 903
591 130
849 295
498 317
553 313
569 608
306 838
536 279
185 879
112 953
647 125
315 764
402 664
55 758
360 18
475 867
976 204
545 313
388 249
280 482
872 28
656 781
398 438
962 701
384 576
43 622
834 968
807 959
630 614
332 285
71 185
748 917
973 883
513 598
611 407
298 394
498 580
946 496
415 631
715 181
452 256
491 400
697 531
348 553
170 629
317 226
655 330
92 550
572 376
3 47
466 907
359 504
454 468
112 315
593 844
832 4
827 795
314 698
156 694
197 15
110 800
936 881
511 483
940 681
710 967
966 349
932 453
715 991
114 429
793 953
576 295
382 970
853 837
715 940
504 369
375 539
67 474
655 709
286 120
548 363
931 357
256 59
276 54
557 227
274 259
730 681
471 405
717 413
587 180
545 340
564 560
